{
  "camera_angle_x": 0.5879711004233211,
  "camera_angle_y": 0.9807585471406303,
  "fl_x": 789.4082101158476,
  "fl_y": 796.065863864149,
  "k1": 0.03294170965969308,
  "k2": -0.0303980882292863,
  "k3": 0,
  "k4": 0,
  "p1": 0.003974922135251468,
  "p2": 0.0004037074862573731,
  "is_fisheye": false,
  "cx": 236.30847727237443,
  "cy": 445.87740001786796,
  "w": 478.0,
  "h": 850.0,
  "aabb_scale": 16,
  "frames": [
    {
      "file_path": "./images/0009.jpg",
      "sharpness": 787.9608786354939,
      "transform_matrix": [
        [
          -0.018560962670705228,
          -0.06736864992880769,
          0.9975554900586803,
          3.6385227493576613
        ],
        [
          0.9964709319189109,
          0.08044227931458882,
          0.02397335062673011,
          0.13875321760032922
        ],
        [
          -0.08186068962909462,
          0.9944800172856735,
          0.06563781523317322,
          0.2023621148605263
        ],
        [
          0.0,
          0.0,
          0.0,
          1.0
        ]
      ]
    },
    {
      "file_path": "./images/0012.jpg",
      "sharpness": 553.6619460248018,
      "transform_matrix": [
        [
          -0.1958659108292398,
          -0.25587853909463704,
          0.9466587126734396,
          3.588225701169619
        ],
        [
          0.9803096016059634,
          -0.026389466976585778,
          0.19569537815899157,
          0.4951011434171913
        ],
        [
          -0.025092428634702325,
          0.9663486789658974,
          0.25600898570504654,
          1.2208414671277985
        ],
        [
          0.0,
          0.0,
          0.0,
          1.0
        ]
      ]
    },
    {
      "file_path": "./images/0008.jpg",
      "sharpness": 776.1530321505389,
      "transform_matrix": [
        [
          -0.0265510822586085,
          -0.111428731771583,
          0.9934176754222669,
          3.5655624349839443
        ],
        [
          0.9966833819466883,
          0.07352058403846107,
          0.0348849519835877,
          0.1601791213217243
        ],
        [
          -0.0769238336486192,
          0.9910491216551862,
          0.10910711415362567,
          0.44801605833929903
        ],
        [
          0.0,
          0.0,
          0.0,
          1.0
        ]
      ]
    },
    {
      "file_path": "./images/0011.jpg",
      "sharpness": 725.9327967000424,
      "transform_matrix": [
        [
          -0.09672310031892216,
          -0.18430979323206145,
          0.9780974092891556,
          3.5048616247318645
        ],
        [
          0.9936646094934676,
          0.038623890964426144,
          0.10554069778007086,
          0.2862416353050092
        ],
        [
          -0.057230111874384385,
          0.9821090037469918,
          0.1794062962372989,
          0.8296331929446673
        ],
        [
          0.0,
          0.0,
          0.0,
          1.0
        ]
      ]
    },
    {
      "file_path": "./images/0005.jpg",
      "sharpness": 1027.415260346533,
      "transform_matrix": [
        [
          -0.05039520687566443,
          -0.3820832254092766,
          0.9227528011658976,
          3.2713277497995144
        ],
        [
          0.9955135219171433,
          0.05486659665873821,
          0.07708751035125204,
          0.2767280559663026
        ],
        [
          -0.08008215035106753,
          0.9224977319792534,
          0.3776040039034699,
          1.4971747027223148
        ],
        [
          0.0,
          0.0,
          0.0,
          1.0
        ]
      ]
    },
    {
      "file_path": "./images/0010.jpg",
      "sharpness": 505.2801128023622,
      "transform_matrix": [
        [
          -0.03694595060018614,
          -0.10449112834023054,
          0.9938393234860157,
          3.593869025357503
        ],
        [
          0.9940553291541067,
          0.0980811716298767,
          0.04726612267759062,
          0.21900785194721023
        ],
        [
          -0.10241581575020169,
          0.9896775676676945,
          0.10024626085408608,
          0.34935447060886027
        ],
        [
          0.0,
          0.0,
          0.0,
          1.0
        ]
      ]
    },
    {
      "file_path": "./images/0001.jpg",
      "sharpness": 2129.177259690099,
      "transform_matrix": [
        [
          -0.028307322274907995,
          -0.592655850021395,
          0.8049582219070439,
          2.778747008932623
        ],
        [
          0.9976840282356161,
          0.03307456474590883,
          0.05943612513753525,
          0.32542191012323657
        ],
        [
          -0.06184881009358013,
          0.8047764389426384,
          0.5903470234433837,
          2.2975735064764304
        ],
        [
          0.0,
          0.0,
          0.0,
          1.0
        ]
      ]
    },
    {
      "file_path": "./images/0013.jpg",
      "sharpness": 772.8402214481747,
      "transform_matrix": [
        [
          -0.3322576840268986,
          -0.3078635628509076,
          0.8915295049231597,
          3.7228133292412466
        ],
        [
          0.9431834011855943,
          -0.1116044287408387,
          0.31296888537735945,
          0.8924917890693413
        ],
        [
          0.0031469249888007914,
          0.9448621477386961,
          0.32745323133141013,
          1.4196590606871546
        ],
        [
          0.0,
          0.0,
          0.0,
          1.0
        ]
      ]
    },
    {
      "file_path": "./images/0007.jpg",
      "sharpness": 606.3462095768353,
      "transform_matrix": [
        [
          -0.025809177718783785,
          -0.1907525719531847,
          0.9812988039906259,
          3.4908037654067527
        ],
        [
          0.9959446433230569,
          0.0797248467503807,
          0.04169192065231704,
          0.20168971665271773
        ],
        [
          -0.0861867378585821,
          0.9783953215233392,
          0.18792136949848687,
          0.6777612125578634
        ],
        [
          0.0,
          0.0,
          0.0,
          1.0
        ]
      ]
    },
    {
      "file_path": "./images/0016.jpg",
      "sharpness": 543.907374701903,
      "transform_matrix": [
        [
          -0.6847569048346158,
          -0.25227643886868445,
          0.6837138142145138,
          2.6154204206512537
        ],
        [
          0.7255230161780306,
          -0.32446682052226217,
          0.60690825944046,
          2.1040488075656767
        ],
        [
          0.06873379303370128,
          0.9116347299445132,
          0.40521325858101365,
          1.5272593216878712
        ],
        [
          0.0,
          0.0,
          0.0,
          1.0
        ]
      ]
    },
    {
      "file_path": "./images/0006.jpg",
      "sharpness": 684.0019831882166,
      "transform_matrix": [
        [
          -0.03227813562458897,
          -0.275267617947611,
          0.9608256140136754,
          3.414093195576792
        ],
        [
          0.9963694136760078,
          0.0669096193727034,
          0.05264118470617559,
          0.2627259559433462
        ],
        [
          -0.07877888963720822,
          0.9590364129790808,
          0.27210851732975083,
          1.0840747787349925
        ],
        [
          0.0,
          0.0,
          0.0,
          1.0
        ]
      ]
    },
    {
      "file_path": "./images/0014.jpg",
      "sharpness": 708.0381040809077,
      "transform_matrix": [
        [
          -0.4730268811048189,
          -0.3005708330504663,
          0.828192455982487,
          3.547117428344463
        ],
        [
          0.8798401452705639,
          -0.21035705574581337,
          0.42618215339120813,
          1.3528772888446305
        ],
        [
          0.04611820175533306,
          0.9302725855847951,
          0.36395882741305136,
          1.5404944627787915
        ],
        [
          0.0,
          0.0,
          0.0,
          1.0
        ]
      ]
    },
    {
      "file_path": "./images/0015.jpg",
      "sharpness": 681.2580937883939,
      "transform_matrix": [
        [
          -0.5900672263499321,
          -0.2720295414193301,
          0.760145115788817,
          3.0717171024950685
        ],
        [
          0.8048617446119998,
          -0.2721273778304295,
          0.5273938398352831,
          1.7316744325815976
        ],
        [
          0.06338959273244728,
          0.9230095443177239,
          0.3795196183430458,
          1.3992452898225278
        ],
        [
          0.0,
          0.0,
          0.0,
          1.0
        ]
      ]
    },
    {
      "file_path": "./images/0003.jpg",
      "sharpness": 1007.6455952277291,
      "transform_matrix": [
        [
          -0.03506507534962093,
          -0.5585363097085908,
          0.8287385783843673,
          2.877661760345622
        ],
        [
          0.9965029922600587,
          0.04339110546972504,
          0.07140727122503791,
          0.2780461867718057
        ],
        [
          -0.07584343681789919,
          0.8283443745073858,
          0.5550615915277025,
          2.075346090868579
        ],
        [
          0.0,
          0.0,
          0.0,
          1.0
        ]
      ]
    },
    {
      "file_path": "./images/0004.jpg",
      "sharpness": 1100.4676937633876,
      "transform_matrix": [
        [
          -0.047808684140444806,
          -0.4939925387329795,
          0.8681507366071933,
          3.0348904694806476
        ],
        [
          0.9951050125440096,
          0.05170211835288559,
          0.08421938594262056,
          0.26758251676259515
        ],
        [
          -0.08648898040453766,
          0.8679275676626251,
          0.48910264120680375,
          1.7829605276965899
        ],
        [
          0.0,
          0.0,
          0.0,
          1.0
        ]
      ]
    },
    {
      "file_path": "./images/0002.jpg",
      "sharpness": 924.5656469609983,
      "transform_matrix": [
        [
          -0.02834996119569209,
          -0.5913200384042734,
          0.8059385162383536,
          2.794776296070232
        ],
        [
          0.9975930826074135,
          0.03430357228784636,
          0.06026032246073661,
          0.31575361754913733
        ],
        [
          -0.06327970634307865,
          0.805707066609666,
          0.5889242749760192,
          2.246262534259437
        ],
        [
          0.0,
          0.0,
          0.0,
          1.0
        ]
      ]
    },
    {
      "file_path": "./images/0017.jpg",
      "sharpness": 858.1550466786316,
      "transform_matrix": [
        [
          -0.7775935844059734,
          -0.2162098009597291,
          0.5904248805176932,
          2.401264677016041
        ],
        [
          0.6226280621627159,
          -0.39567404755288216,
          0.6751120975819959,
          2.3769316470156645
        ],
        [
          0.08764995000665377,
          0.8925779350440038,
          0.4422918902852079,
          1.7266943708493128
        ],
        [
          0.0,
          0.0,
          0.0,
          1.0
        ]
      ]
    },
    {
      "file_path": "./images/0019.jpg",
      "sharpness": 625.9687219407547,
      "transform_matrix": [
        [
          -0.9746912625995475,
          -0.008005271054946592,
          0.22341185806072186,
          1.4756095624982088
        ],
        [
          0.19442224681834222,
          -0.5236478486825616,
          0.8294533865824978,
          3.339736645184465
        ],
        [
          0.11034913965663454,
          0.8518972040455913,
          0.5119513855748354,
          2.3118961208107365
        ],
        [
          0.0,
          0.0,
          0.0,
          1.0
        ]
      ]
    },
    {
      "file_path": "./images/0018.jpg",
      "sharpness": 598.7620245222414,
      "transform_matrix": [
        [
          -0.9042251258174213,
          -0.10945019668230105,
          0.4127924131586984,
          2.0398827139677973
        ],
        [
          0.41208709699057433,
          -0.47729512418393316,
          0.7761273020098353,
          2.801975678720809
        ],
        [
          0.11207652024528642,
          0.8719002345084809,
          0.4766852575331157,
          1.913158831085219
        ],
        [
          0.0,
          0.0,
          0.0,
          1.0
        ]
      ]
    },
    {
      "file_path": "./images/0020.jpg",
      "sharpness": 563.5308783939442,
      "transform_matrix": [
        [
          -0.9908822009112412,
          0.13088194753365884,
          0.03197467438142732,
          0.924028195109913
        ],
        [
          -0.047519694227686426,
          -0.5615710315498799,
          0.8260628639428435,
          3.4899723539198164
        ],
        [
          0.12607276729392092,
          0.8170115619650927,
          0.5626702098368647,
          2.4238834283345727
        ],
        [
          0.0,
          0.0,
          0.0,
          1.0
        ]
      ]
    },
    {
      "file_path": "./images/0022.jpg",
      "sharpness": 919.638586056613,
      "transform_matrix": [
        [
          -0.9430740765548907,
          0.29957491206391496,
          -0.1444512314476582,
          -0.29519121876351917
        ],
        [
          -0.30282479047785665,
          -0.5938930392640662,
          0.7453778935457328,
          3.4467868201450473
        ],
        [
          0.1375079360434621,
          0.7466899825374774,
          0.6508038395545143,
          2.6271227600217197
        ],
        [
          0.0,
          0.0,
          0.0,
          1.0
        ]
      ]
    },
    {
      "file_path": "./images/0030.jpg",
      "sharpness": 294.71421267085617,
      "transform_matrix": [
        [
          0.33822937523207164,
          0.747341226018828,
          -0.5719108162095772,
          -2.5099849702547465
        ],
        [
          -0.9368883893591914,
          0.21022717520020145,
          -0.27936478069403364,
          -0.8711049130790697
        ],
        [
          -0.0885496223521791,
          0.6303059786916791,
          0.7712803236712708,
          2.923192404039559
        ],
        [
          0.0,
          0.0,
          0.0,
          1.0
        ]
      ]
    },
    {
      "file_path": "./images/0026.jpg",
      "sharpness": 604.5125848746142,
      "transform_matrix": [
        [
          -0.4453763991469739,
          0.7235935224998068,
          -0.5273066255547189,
          -1.9601613199252403
        ],
        [
          -0.8950552859219368,
          -0.34488537709650513,
          0.28271913944609894,
          1.3204431457366927
        ],
        [
          0.022713393589992026,
          0.5978850148008452,
          0.8012600145420138,
          3.0225212666313332
        ],
        [
          0.0,
          0.0,
          0.0,
          1.0
        ]
      ]
    },
    {
      "file_path": "./images/0032.jpg",
      "sharpness": 598.8948805009509,
      "transform_matrix": [
        [
          0.6314174961522767,
          0.6464456074129666,
          -0.42827563820975967,
          -1.798728609038908
        ],
        [
          -0.7548508500930414,
          0.38596734481166284,
          -0.5303106663586812,
          -1.7762804169268378
        ],
        [
          -0.1775165899044716,
          0.6581316627118212,
          0.7316765507521132,
          2.6793880372123065
        ],
        [
          0.0,
          0.0,
          0.0,
          1.0
        ]
      ]
    },
    {
      "file_path": "./images/0023.jpg",
      "sharpness": 736.7888272465013,
      "transform_matrix": [
        [
          -0.8644815260983526,
          0.4143673827815283,
          -0.2845546752315917,
          -0.8498335478813006
        ],
        [
          -0.48920434238524674,
          -0.5634199358521758,
          0.6657605329821596,
          3.1823694201570687
        ],
        [
          0.11554567274563286,
          0.7147430643377887,
          0.6897764489792588,
          2.865476576562058
        ],
        [
          0.0,
          0.0,
          0.0,
          1.0
        ]
      ]
    },
    {
      "file_path": "./images/0029.jpg",
      "sharpness": 478.0300629911773,
      "transform_matrix": [
        [
          0.16933744894951694,
          0.8014418418665207,
          -0.5735989910761488,
          -2.3360657387982537
        ],
        [
          -0.983664853163236,
          0.10138053802477996,
          -0.14874623747206847,
          -0.2563687787183838
        ],
        [
          -0.06105968420455855,
          0.5894174757258593,
          0.8055176933807504,
          3.2901834202390283
        ],
        [
          0.0,
          0.0,
          0.0,
          1.0
        ]
      ]
    },
    {
      "file_path": "./images/0024.jpg",
      "sharpness": 645.9248853269048,
      "transform_matrix": [
        [
          -0.7485170889023616,
          0.528707528470564,
          -0.40023807544309054,
          -1.3542223761077852
        ],
        [
          -0.6558762247227632,
          -0.5013412732945771,
          0.5643432515196125,
          2.6136730662044023
        ],
        [
          0.09771665935636613,
          0.6849272056810725,
          0.7220292081888369,
          2.9538591163675614
        ],
        [
          0.0,
          0.0,
          0.0,
          1.0
        ]
      ]
    },
    {
      "file_path": "./images/0027.jpg",
      "sharpness": 664.5192959489746,
      "transform_matrix": [
        [
          -0.2886928460662073,
          0.7863872764544179,
          -0.5461240629522774,
          -1.9528144016772933
        ],
        [
          -0.9574117902404836,
          -0.23972215693689422,
          0.16092219046165349,
          0.8822144976905338
        ],
        [
          -0.004370875247841371,
          0.5693227019641296,
          0.8221025219238044,
          3.1585516483222147
        ],
        [
          0.0,
          0.0,
          0.0,
          1.0
        ]
      ]
    },
    {
      "file_path": "./images/0031.jpg",
      "sharpness": 611.9907765291963,
      "transform_matrix": [
        [
          0.49634930611409617,
          0.7029894238616449,
          -0.5093557070784965,
          -2.265021066949339
        ],
        [
          -0.8541092597819592,
          0.2904482629779911,
          -0.4314361817102535,
          -1.3201614091035723
        ],
        [
          -0.15535359245468328,
          0.6491884753629307,
          0.744593570240186,
          2.5529293072831907
        ],
        [
          0.0,
          0.0,
          0.0,
          1.0
        ]
      ]
    },
    {
      "file_path": "./images/0021.jpg",
      "sharpness": 485.27371781723116,
      "transform_matrix": [
        [
          -0.9697577300690802,
          0.22874685792095897,
          -0.08511650860591596,
          0.2687155373240462
        ],
        [
          -0.20613925327559843,
          -0.5809116815493159,
          0.7874314106634723,
          3.528512829080783
        ],
        [
          0.13067728687566826,
          0.7811635509155522,
          0.6104973001508431,
          2.3718121051061662
        ],
        [
          0.0,
          0.0,
          0.0,
          1.0
        ]
      ]
    },
    {
      "file_path": "./images/0028.jpg",
      "sharpness": 487.90617397781637,
      "transform_matrix": [
        [
          -0.059852916368905267,
          0.8228364136855664,
          -0.5651175672282002,
          -2.0466601290390374
        ],
        [
          -0.9979229707993147,
          -0.06283282504930034,
          0.014204944503050139,
          0.3447444940360301
        ],
        [
          -0.0238195876424435,
          0.5647940088946134,
          0.8248880862498527,
          3.302549294463377
        ],
        [
          0.0,
          0.0,
          0.0,
          1.0
        ]
      ]
    },
    {
      "file_path": "./images/0025.jpg",
      "sharpness": 528.3647600941034,
      "transform_matrix": [
        [
          -0.5876955901629658,
          0.6449350964925508,
          -0.48854131318636146,
          -1.8165948281507596
        ],
        [
          -0.806830058922033,
          -0.42213852667958984,
          0.41330898890974394,
          1.9049029263467148
        ],
        [
          0.0603253624731415,
          0.6370696866609705,
          0.7684419724714584,
          3.0230376043625435
        ],
        [
          0.0,
          0.0,
          0.0,
          1.0
        ]
      ]
    },
    {
      "file_path": "./images/0033.jpg",
      "sharpness": 425.71736806530237,
      "transform_matrix": [
        [
          0.7570189733565411,
          0.5730329008079502,
          -0.31393561225917194,
          -1.4619747660077393
        ],
        [
          -0.6214769925185217,
          0.48315456047605815,
          -0.6167074010114204,
          -2.2675716058887834
        ],
        [
          -0.20171420819244368,
          0.6619629637263377,
          0.7218839331524062,
          2.779102373140943
        ],
        [
          0.0,
          0.0,
          0.0,
          1.0
        ]
      ]
    },
    {
      "file_path": "./images/0034.jpg",
      "sharpness": 532.5115790699327,
      "transform_matrix": [
        [
          0.8812752751953322,
          0.449717219263343,
          -0.14528699908162562,
          -0.8141962836750853
        ],
        [
          -0.41031999668464714,
          0.5755430617872134,
          -0.7073808623013855,
          -2.895077588253371
        ],
        [
          -0.23450243006497,
          0.6830114250740605,
          0.6917398380804547,
          2.819262118577151
        ],
        [
          0.0,
          0.0,
          0.0,
          1.0
        ]
      ]
    },
    {
      "file_path": "./images/0035.jpg",
      "sharpness": 576.0909778508246,
      "transform_matrix": [
        [
          0.9468997017881268,
          0.3182707644053046,
          0.045658245182298794,
          -0.11592405965819139
        ],
        [
          -0.17431245001313816,
          0.6274703110798193,
          -0.7588782369291885,
          -3.3657819670820652
        ],
        [
          -0.2701779498658985,
          0.710622775660721,
          0.6496300071534271,
          2.762694887644768
        ],
        [
          0.0,
          0.0,
          0.0,
          1.0
        ]
      ]
    },
    {
      "file_path": "./images/0037.jpg",
      "sharpness": 670.9868548935365,
      "transform_matrix": [
        [
          0.9198883545026636,
          0.06858996213960368,
          0.3861357694111974,
          1.126790523490423
        ],
        [
          0.25412007727682967,
          0.6456818091019704,
          -0.7200819312554415,
          -3.2624842334981343
        ],
        [
          -0.29871123455462684,
          0.7605198344117897,
          0.5765250904277835,
          2.3701750806536412
        ],
        [
          0.0,
          0.0,
          0.0,
          1.0
        ]
      ]
    },
    {
      "file_path": "./images/0036.jpg",
      "sharpness": 591.911902379996,
      "transform_matrix": [
        [
          0.9508491024248549,
          0.19240404573811834,
          0.24262454054806387,
          0.5363579700232713
        ],
        [
          0.06390715462455776,
          0.6447317774397658,
          -0.7617327685928277,
          -3.4177601122686094
        ],
        [
          -0.3029882177266176,
          0.7397983633326076,
          0.6007466367820063,
          2.427712278647662
        ],
        [
          0.0,
          0.0,
          0.0,
          1.0
        ]
      ]
    },
    {
      "file_path": "./images/0038.jpg",
      "sharpness": 793.0438985969989,
      "transform_matrix": [
        [
          0.8747916102412472,
          -0.025932984836057802,
          0.4838048356762526,
          1.6743056156623888
        ],
        [
          0.3862837335960116,
          0.640070354343505,
          -0.6641496959651845,
          -2.9908431787505187
        ],
        [
          -0.2924457486100625,
          0.7678785202314462,
          0.5699456661496017,
          2.233005129217228
        ],
        [
          0.0,
          0.0,
          0.0,
          1.0
        ]
      ]
    },
    {
      "file_path": "./images/0042.jpg",
      "sharpness": 747.713406684317,
      "transform_matrix": [
        [
          0.28835690891886895,
          -0.32946754516778654,
          0.8990558546801056,
          3.612901569771029
        ],
        [
          0.9397240652079294,
          0.2775712725966527,
          -0.19968192181341712,
          -1.2818109029247664
        ],
        [
          -0.18376336512477578,
          0.9024440843500742,
          0.389648175069797,
          1.6872446862767096
        ],
        [
          0.0,
          0.0,
          0.0,
          1.0
        ]
      ]
    },
    {
      "file_path": "./images/0039.jpg",
      "sharpness": 723.5419386720375,
      "transform_matrix": [
        [
          0.765718106012509,
          -0.12022967607656179,
          0.631839067476718,
          2.3470226062334616
        ],
        [
          0.5691395612908449,
          0.584251474538224,
          -0.5785588771028553,
          -2.8073884693804305
        ],
        [
          -0.2995929604588336,
          0.8026176172620383,
          0.5157993976147791,
          1.9904556453795137
        ],
        [
          0.0,
          0.0,
          0.0,
          1.0
        ]
      ]
    },
    {
      "file_path": "./images/0041.jpg",
      "sharpness": 774.1392329739595,
      "transform_matrix": [
        [
          0.4240934375736061,
          -0.28051349757812094,
          0.8610789359624347,
          3.477327138215459
        ],
        [
          0.8769163612708709,
          0.36467938266191774,
          -0.313092068244661,
          -1.7800153653897552
        ],
        [
          -0.2261911836626841,
          0.8878744987900797,
          0.40064500858888424,
          1.8613546005553756
        ],
        [
          0.0,
          0.0,
          0.0,
          1.0
        ]
      ]
    },
    {
      "file_path": "./images/0040.jpg",
      "sharpness": 691.3565548571361,
      "transform_matrix": [
        [
          0.597080535967823,
          -0.21627750397880693,
          0.7724758086281936,
          3.033355667309542
        ],
        [
          0.7548960613631551,
          0.4772207883435242,
          -0.4498802681960193,
          -2.314465461391488
        ],
        [
          -0.2713425328750965,
          0.851753697087569,
          0.44820627999419405,
          2.0413903113097187
        ],
        [
          0.0,
          0.0,
          0.0,
          1.0
        ]
      ]
    },
    {
      "file_path": "./images/0043.jpg",
      "sharpness": 660.6310984099557,
      "transform_matrix": [
        [
          0.15065966055026894,
          -0.36483099433270005,
          0.9188035765776048,
          3.7205851283323783
        ],
        [
          0.9780081360392698,
          0.1906001483950291,
          -0.0846857087927327,
          -0.6117694802301471
        ],
        [
          -0.14422812669695284,
          0.9113560934550498,
          0.3855234343947034,
          1.8038089533781156
        ],
        [
          0.0,
          0.0,
          0.0,
          1.0
        ]
      ]
    },
    {
      "file_path": "./images/0044.jpg",
      "sharpness": 597.7007601461997,
      "transform_matrix": [
        [
          0.0050988861318602505,
          -0.36366660498148307,
          0.9315152182633216,
          3.772903213689788
        ],
        [
          0.9943725213608128,
          0.10041684782476903,
          0.03376011606050145,
          -0.24652688390238844
        ],
        [
          -0.10581724871030788,
          0.9261009972828762,
          0.36213209300294275,
          1.7995106388617592
        ],
        [
          0.0,
          0.0,
          0.0,
          1.0
        ]
      ]
    },
    {
      "file_path": "./images/0045.jpg",
      "sharpness": 747.449707401825,
      "transform_matrix": [
        [
          -0.1572357812685838,
          -0.3448347802417243,
          0.9254003909115273,
          3.9392501008463197
        ],
        [
          0.985545086700413,
          0.005053067249563659,
          0.1693379715037013,
          0.5154369767838232
        ],
        [
          -0.06306973259810665,
          0.9386497967413189,
          0.3390557004138603,
          1.5211160824948606
        ],
        [
          0.0,
          0.0,
          0.0,
          1.0
        ]
      ]
    },
    {
      "file_path": "./images/0046.jpg",
      "sharpness": 812.1005417176336,
      "transform_matrix": [
        [
          -0.25913469394515715,
          -0.32288071589856376,
          0.9102731753542385,
          3.9689165770142183
        ],
        [
          0.9658001369468464,
          -0.07793518346971588,
          0.24729780155095574,
          0.9686923286880121
        ],
        [
          -0.008905384276120077,
          0.9432253975343813,
          0.3320339495483131,
          1.352643962487218
        ],
        [
          0.0,
          0.0,
          0.0,
          1.0
        ]
      ]
    },
    {
      "file_path": "./images/0047.jpg",
      "sharpness": 928.4249265731966,
      "transform_matrix": [
        [
          -0.30084148152229573,
          -0.31248715920703474,
          0.9010250709058516,
          3.830216490919281
        ],
        [
          0.9536066345401906,
          -0.10981159205567852,
          0.2803137542327703,
          1.2698142023750154
        ],
        [
          0.011348548771394875,
          0.9435534906173294,
          0.3310257102707972,
          1.325570525511141
        ],
        [
          0.0,
          0.0,
          0.0,
          1.0
        ]
      ]
    },
    {
      "file_path": "./images/0048.jpg",
      "sharpness": 470.11721656334,
      "transform_matrix": [
        [
          -0.37615827345441416,
          -0.3124879451606439,
          0.8722707363633038,
          3.8363037450069104
        ],
        [
          0.9264021035491191,
          -0.14396668819524328,
          0.3479263359258714,
          1.7022146217418923
        ],
        [
          0.016855143343103604,
          0.9389488148424999,
          0.343643750597035,
          1.6209329787064948
        ],
        [
          0.0,
          0.0,
          0.0,
          1.0
        ]
      ]
    },
    {
      "file_path": "./images/0049.jpg",
      "sharpness": 582.7972778638002,
      "transform_matrix": [
        [
          -0.5033182263956074,
          -0.2875766541518225,
          0.8148438077567568,
          3.636263478989954
        ],
        [
          0.8631637486934971,
          -0.21123676942325523,
          0.4586146205540739,
          1.9347983675364893
        ],
        [
          0.04023811541103317,
          0.9341727331193765,
          0.35454505897007127,
          1.4251487347049023
        ],
        [
          0.0,
          0.0,
          0.0,
          1.0
        ]
      ]
    },
    {
      "file_path": "./images/0050.jpg",
      "sharpness": 807.0482909223783,
      "transform_matrix": [
        [
          -0.554534827714881,
          -0.2622515398712676,
          0.7897564528138302,
          3.5110435263557678
        ],
        [
          0.8296107306395831,
          -0.24845993471382377,
          0.5000136962630134,
          2.1892212769545596
        ],
        [
          0.06509347490424573,
          0.9324654367584979,
          0.355346378694539,
          1.2502431814621322
        ],
        [
          0.0,
          0.0,
          0.0,
          1.0
        ]
      ]
    },
    {
      "file_path": "./images/0051.jpg",
      "sharpness": 866.7575321946571,
      "transform_matrix": [
        [
          -0.539197717802009,
          -0.26233569057433087,
          0.8002785806472027,
          3.4077794890417623
        ],
        [
          0.8385446694557183,
          -0.2554203413053086,
          0.48125179124427286,
          2.312196677532757
        ],
        [
          0.07815790721203635,
          0.9305592054083408,
          0.3577022600511225,
          1.2107951006533817
        ],
        [
          0.0,
          0.0,
          0.0,
          1.0
        ]
      ]
    }
  ]
}