{
  "camera_angle_x": 0.5873977980321481,
  "camera_angle_y": 0.9805655453636489,
  "fl_x": 790.2249034138852,
  "fl_y": 796.2508034088254,
  "k1": 0.033868390038262086,
  "k2": -0.031304344356333655,
  "k3": 0,
  "k4": 0,
  "p1": 0.0044386429220537,
  "p2": 0.0003399548881473896,
  "is_fisheye": false,
  "cx": 235.9723933921796,
  "cy": 445.2449841106059,
  "w": 478.0,
  "h": 850.0,
  "aabb_scale": 16,
  "frames": [
    {
      "file_path": "./images/0009.jpg",
      "sharpness": 787.9608786354939,
      "transform_matrix": [
        [
          -0.018340600759140836,
          -0.06675362262683034,
          0.9976009103368138,
          3.6402725135977922
        ],
        [
          0.996493323451494,
          0.08024861318986239,
          0.02369000630349542,
          0.13677605158393677
        ],
        [
          -0.0816374833122843,
          0.9945371355673615,
          0.0650477314878471,
          0.19945245858457475
        ],
        [
          0.0,
          0.0,
          0.0,
          1.0
        ]
      ]
    },
    {
      "file_path": "./images/0008.jpg",
      "sharpness": 776.1530321505389,
      "transform_matrix": [
        [
          -0.0264326681287903,
          -0.11101082628237756,
          0.9934676192904066,
          3.5672141438087315
        ],
        [
          0.9966947001795071,
          0.07344278920490996,
          0.03472508241668245,
          0.1586449590634178
        ],
        [
          -0.07681789303724863,
          0.9911017875259657,
          0.10870261334468752,
          0.44568623387247963
        ],
        [
          0.0,
          0.0,
          0.0,
          1.0
        ]
      ]
    },
    {
      "file_path": "./images/0007.jpg",
      "sharpness": 606.3462095768353,
      "transform_matrix": [
        [
          -0.025654560164426816,
          -0.1904042116950429,
          0.9813705109623023,
          3.492355047545113
        ],
        [
          0.9959435062770012,
          0.07982691723981752,
          0.04152343422237579,
          0.2003219706547663
        ],
        [
          -0.08624601932016755,
          0.9784548530861392,
          0.18758391375439964,
          0.6759401283345811
        ],
        [
          0.0,
          0.0,
          0.0,
          1.0
        ]
      ]
    },
    {
      "file_path": "./images/0010.jpg",
      "sharpness": 505.2801128023622,
      "transform_matrix": [
        [
          -0.03669406284836986,
          -0.10392161173416845,
          0.9939083682317519,
          3.5951564083949568
        ],
        [
          0.9940880800227546,
          0.09790680448365684,
          0.04693769054216496,
          0.21690336323718828
        ],
        [
          -0.10218823273535797,
          0.9897547960607628,
          0.09971463704468352,
          0.34640298170851086
        ],
        [
          0.0,
          0.0,
          0.0,
          1.0
        ]
      ]
    },
    {
      "file_path": "./images/0011.jpg",
      "sharpness": 725.9327967000424,
      "transform_matrix": [
        [
          -0.09655067532060768,
          -0.18407981416519748,
          0.9781577527101097,
          3.506530392453797
        ],
        [
          0.9936793788573071,
          0.03871422503316816,
          0.10536840520192815,
          0.28504306038543303
        ],
        [
          -0.05726481580481141,
          0.9821485788171426,
          0.17917843082837576,
          0.8281891309763879
        ],
        [
          0.0,
          0.0,
          0.0,
          1.0
        ]
      ]
    },
    {
      "file_path": "./images/0013.jpg",
      "sharpness": 772.8402214481747,
      "transform_matrix": [
        [
          -0.3321234857359452,
          -0.307916482643602,
          0.8915612317804364,
          3.7240642595860725
        ],
        [
          0.9432315338156958,
          -0.11130091689259373,
          0.3129319087525557,
          0.8921364979158835
        ],
        [
          0.0028746899130172965,
          0.9448807044757734,
          0.3274021846950338,
          1.4197862069492784
        ],
        [
          0.0,
          0.0,
          0.0,
          1.0
        ]
      ]
    },
    {
      "file_path": "./images/0001.jpg",
      "sharpness": 2129.177259690099,
      "transform_matrix": [
        [
          -0.028032511659960097,
          -0.5932592048504364,
          0.8045232714005939,
          2.7761286728903385
        ],
        [
          0.9976952679910883,
          0.033147449279751474,
          0.05920640873585258,
          0.32344593841192953
        ],
        [
          -0.06179264130181273,
          0.8043287652083145,
          0.5909626951130035,
          2.300334959194894
        ],
        [
          0.0,
          0.0,
          0.0,
          1.0
        ]
      ]
    },
    {
      "file_path": "./images/0012.jpg",
      "sharpness": 553.6619460248018,
      "transform_matrix": [
        [
          -0.19571108919314395,
          -0.25573677452542326,
          0.9467290382136894,
          3.5899601837640667
        ],
        [
          0.9803380643792368,
          -0.02622443307878124,
          0.19557494379349266,
          0.4942468623285162
        ],
        [
          -0.025188272997364956,
          0.9663906980827371,
          0.2558409068901637,
          1.2199889727561655
        ],
        [
          0.0,
          0.0,
          0.0,
          1.0
        ]
      ]
    },
    {
      "file_path": "./images/0014.jpg",
      "sharpness": 708.0381040809077,
      "transform_matrix": [
        [
          -0.4730321277559734,
          -0.30088705297800605,
          0.828074626791401,
          3.547864957655207
        ],
        [
          0.8798669226021641,
          -0.209921524673335,
          0.42634159073491695,
          1.3537862087279677
        ],
        [
          0.04555002340116945,
          0.9302687433760899,
          0.36404019083259825,
          1.5414895484725468
        ],
        [
          0.0,
          0.0,
          0.0,
          1.0
        ]
      ]
    },
    {
      "file_path": "./images/0006.jpg",
      "sharpness": 684.0019831882166,
      "transform_matrix": [
        [
          -0.03211176197785847,
          -0.2750880144262606,
          0.9608826250570596,
          3.4152000320488054
        ],
        [
          0.996372878566435,
          0.06698804239437675,
          0.052475604182948075,
          0.2613007748480499
        ],
        [
          -0.0788030557838479,
          0.959082471203742,
          0.2719391327202873,
          1.0830295370735894
        ],
        [
          0.0,
          0.0,
          0.0,
          1.0
        ]
      ]
    },
    {
      "file_path": "./images/0005.jpg",
      "sharpness": 1027.415260346533,
      "transform_matrix": [
        [
          -0.05021395588920325,
          -0.3820951396443756,
          0.9227577487991925,
          3.271838368383716
        ],
        [
          0.9955156236498797,
          0.05501558180003654,
          0.07695406960749161,
          0.2755350739020372
        ],
        [
          -0.08016983038355704,
          0.9224839240303523,
          0.37761913123893237,
          1.4972588811267762
        ],
        [
          0.0,
          0.0,
          0.0,
          1.0
        ]
      ]
    },
    {
      "file_path": "./images/0015.jpg",
      "sharpness": 681.2580937883939,
      "transform_matrix": [
        [
          -0.5901745051575422,
          -0.27224064578427837,
          0.7599862395595467,
          3.0717187082425985
        ],
        [
          0.8048260014400552,
          -0.2717077159300457,
          0.5276646894677052,
          1.7328366991372524
        ],
        [
          0.06284234947074027,
          0.923070933329885,
          0.3794613171725199,
          1.3988728305144182
        ],
        [
          0.0,
          0.0,
          0.0,
          1.0
        ]
      ]
    },
    {
      "file_path": "./images/0016.jpg",
      "sharpness": 543.907374701903,
      "transform_matrix": [
        [
          -0.6848152905988573,
          -0.25247473323320047,
          0.6835821288738303,
          2.6156805088292665
        ],
        [
          0.72551608889634,
          -0.3240449237065554,
          0.6071419044782945,
          2.1053357392509726
        ],
        [
          0.06822332843023038,
          0.9117298923300221,
          0.4050853995956878,
          1.526688241475384
        ],
        [
          0.0,
          0.0,
          0.0,
          1.0
        ]
      ]
    },
    {
      "file_path": "./images/0002.jpg",
      "sharpness": 924.5656469609983,
      "transform_matrix": [
        [
          -0.028087018879776084,
          -0.5918734427296994,
          0.8055414000761175,
          2.792329455251625
        ],
        [
          0.9975954934363452,
          0.034481434656508256,
          0.060118733689954205,
          0.31434360093452685
        ],
        [
          -0.06335890503145997,
          0.8052930265005169,
          0.5894817984456038,
          2.2487767047318754
        ],
        [
          0.0,
          0.0,
          0.0,
          1.0
        ]
      ]
    },
    {
      "file_path": "./images/0004.jpg",
      "sharpness": 1100.4676937633876,
      "transform_matrix": [
        [
          -0.047628750419792976,
          -0.49427057720872364,
          0.8680023610071895,
          3.034174570642062
        ],
        [
          0.9950967235670761,
          0.05193315179858565,
          0.08417516552579525,
          0.2668171399511946
        ],
        [
          -0.0866834060267918,
          0.8677554634371134,
          0.48937352081048036,
          1.7842040726345976
        ],
        [
          0.0,
          0.0,
          0.0,
          1.0
        ]
      ]
    },
    {
      "file_path": "./images/0003.jpg",
      "sharpness": 1007.6455952277291,
      "transform_matrix": [
        [
          -0.03482167077141139,
          -0.5589795640446308,
          0.8284499371114789,
          2.8759413296469356
        ],
        [
          0.9965038922882933,
          0.04357182533499052,
          0.07128456138756892,
          0.2768634819794345
        ],
        [
          -0.07594368900614121,
          0.8280358344253032,
          0.5555080675233633,
          2.0774055279654884
        ],
        [
          0.0,
          0.0,
          0.0,
          1.0
        ]
      ]
    },
    {
      "file_path": "./images/0017.jpg",
      "sharpness": 858.1550466786316,
      "transform_matrix": [
        [
          -0.7776452035903985,
          -0.21650027730253618,
          0.5902504276454391,
          2.4011664803616544
        ],
        [
          0.6226373526752852,
          -0.39530831127655436,
          0.6753177519435952,
          2.3781347892576243
        ],
        [
          0.08712441921966885,
          0.8926695743829985,
          0.44221077171674894,
          1.7263452511299806
        ],
        [
          0.0,
          0.0,
          0.0,
          1.0
        ]
      ]
    },
    {
      "file_path": "./images/0019.jpg",
      "sharpness": 625.9687219407547,
      "transform_matrix": [
        [
          -0.9746875848533348,
          -0.008350205651354026,
          0.22341527717057352,
          1.4762478103703387
        ],
        [
          0.19464199619840636,
          -0.5233347852851884,
          0.8295994188928565,
          3.3413665641658152
        ],
        [
          0.10999366035149392,
          0.852086249526109,
          0.5117132186360058,
          2.311530291089151
        ],
        [
          0.0,
          0.0,
          0.0,
          1.0
        ]
      ]
    },
    {
      "file_path": "./images/0018.jpg",
      "sharpness": 598.7620245222414,
      "transform_matrix": [
        [
          -0.9042662721482978,
          -0.1097369570366793,
          0.4126261133159193,
          2.0395911514179814
        ],
        [
          0.41213487033306967,
          -0.4768584383994203,
          0.7763703229669267,
          2.803417153803325
        ],
        [
          0.11156772726267704,
          0.8721031074633676,
          0.47643342899295993,
          1.912040413189724
        ],
        [
          0.0,
          0.0,
          0.0,
          1.0
        ]
      ]
    },
    {
      "file_path": "./images/0020.jpg",
      "sharpness": 563.5308783939442,
      "transform_matrix": [
        [
          -0.9908902910476773,
          0.1307157055845158,
          0.0324011650383488,
          0.9269559227101769
        ],
        [
          -0.04708253439910478,
          -0.5616606114114323,
          0.8260269926246073,
          3.4918016020372584
        ],
        [
          0.12617315933866283,
          0.8169765981675456,
          0.562698473416177,
          2.426233635731071
        ],
        [
          0.0,
          0.0,
          0.0,
          1.0
        ]
      ]
    },
    {
      "file_path": "./images/0029.jpg",
      "sharpness": 478.0300629911773,
      "transform_matrix": [
        [
          0.1683543880921479,
          0.8018206555532854,
          -0.573358907154209,
          -2.3353053873344756
        ],
        [
          -0.983866620283676,
          0.10097149804142885,
          -0.14768625554128473,
          -0.24952607189709547
        ],
        [
          -0.06052498246356606,
          0.5889723193726275,
          0.8058835732203654,
          3.2932903542729925
        ],
        [
          0.0,
          0.0,
          0.0,
          1.0
        ]
      ]
    },
    {
      "file_path": "./images/0030.jpg",
      "sharpness": 294.71421267085617,
      "transform_matrix": [
        [
          0.3374933977480637,
          0.7478735436915749,
          -0.5716496909799955,
          -2.5094214264421235
        ],
        [
          -0.9371553156638407,
          0.2098303315300088,
          -0.27876719013178963,
          -0.8666704017486347
        ],
        [
          -0.08853316217144507,
          0.629806632777753,
          0.7716900184535784,
          2.9254028742603495
        ],
        [
          0.0,
          0.0,
          0.0,
          1.0
        ]
      ]
    },
    {
      "file_path": "./images/0032.jpg",
      "sharpness": 598.8948805009509,
      "transform_matrix": [
        [
          0.6310418342212137,
          0.6471621979378233,
          -0.4277467628140079,
          -1.7968938208196006
        ],
        [
          -0.7550216468884773,
          0.38576523276855335,
          -0.5302145772400034,
          -1.7745577124864818
        ],
        [
          -0.17812500166237347,
          0.6575456446634041,
          0.7320554685560232,
          2.680290586787639
        ],
        [
          0.0,
          0.0,
          0.0,
          1.0
        ]
      ]
    },
    {
      "file_path": "./images/0031.jpg",
      "sharpness": 611.9907765291963,
      "transform_matrix": [
        [
          0.4959140058139321,
          0.7030151936874338,
          -0.5097439909965102,
          -2.2664638182363817
        ],
        [
          -0.8543990442333027,
          0.29014126229589726,
          -0.4310688125201378,
          -1.316726086099178
        ],
        [
          -0.1551501597309808,
          0.6492978403094041,
          0.7445406252051031,
          2.5514426553643137
        ],
        [
          0.0,
          0.0,
          0.0,
          1.0
        ]
      ]
    },
    {
      "file_path": "./images/0022.jpg",
      "sharpness": 919.638586056613,
      "transform_matrix": [
        [
          -0.9432152789423844,
          0.2992165336773057,
          -0.14427197793968466,
          -0.29338187165269863
        ],
        [
          -0.3024680921390813,
          -0.594066019239954,
          0.7453848791215842,
          3.4476784454803173
        ],
        [
          0.13732440016373498,
          0.7466960765966488,
          0.6508356001254489,
          2.628078150542756
        ],
        [
          0.0,
          0.0,
          0.0,
          1.0
        ]
      ]
    },
    {
      "file_path": "./images/0024.jpg",
      "sharpness": 645.9248853269048,
      "transform_matrix": [
        [
          -0.7488322644650002,
          0.5283145022246196,
          -0.40016749806827606,
          -1.3531462028267807
        ],
        [
          -0.655568861470441,
          -0.501749611374364,
          0.56433748356545,
          2.6146068372571643
        ],
        [
          0.09736379007616608,
          0.6849314668468902,
          0.7220728344016155,
          2.9543504619353214
        ],
        [
          0.0,
          0.0,
          0.0,
          1.0
        ]
      ]
    },
    {
      "file_path": "./images/0021.jpg",
      "sharpness": 485.27371781723116,
      "transform_matrix": [
        [
          -0.9698337289285315,
          0.22858985684795555,
          -0.08467122092932164,
          0.27162856003490393
        ],
        [
          -0.2057098683073237,
          -0.5811016935286589,
          0.7874035000303642,
          3.5302017508668793
        ],
        [
          0.13078986347835203,
          0.7810681783126163,
          0.610595211670167,
          2.3742905009031086
        ],
        [
          0.0,
          0.0,
          0.0,
          1.0
        ]
      ]
    },
    {
      "file_path": "./images/0028.jpg",
      "sharpness": 487.90617397781637,
      "transform_matrix": [
        [
          -0.06065586628797629,
          0.8227617005978728,
          -0.5651407346750039,
          -2.046221711555376
        ],
        [
          -0.9978657046539061,
          -0.06370095372672757,
          0.014360500368331855,
          0.34703858144148103
        ],
        [
          -0.024184734084136135,
          0.5648056060252686,
          0.8248695206610072,
          3.302065033208517
        ],
        [
          0.0,
          0.0,
          0.0,
          1.0
        ]
      ]
    },
    {
      "file_path": "./images/0027.jpg",
      "sharpness": 664.5192959489746,
      "transform_matrix": [
        [
          -0.2893524576159999,
          0.7860907144085786,
          -0.5462019260923948,
          -1.9522801212240855
        ],
        [
          -0.9572105826688185,
          -0.2404814506758057,
          0.1609862488184635,
          0.8836761807744685
        ],
        [
          -0.004801636204955197,
          0.5694120306677357,
          0.8220382495336891,
          3.1574024860629493
        ],
        [
          0.0,
          0.0,
          0.0,
          1.0
        ]
      ]
    },
    {
      "file_path": "./images/0025.jpg",
      "sharpness": 528.3647600941034,
      "transform_matrix": [
        [
          -0.5881210802273702,
          0.6445161147670002,
          -0.48858220687279713,
          -1.815843702806539
        ],
        [
          -0.8065598405464931,
          -0.42273561879434207,
          0.41322611270482346,
          1.9054684664454244
        ],
        [
          0.059789787126506316,
          0.6370977746512952,
          0.7684605435320316,
          3.0226256199089345
        ],
        [
          0.0,
          0.0,
          0.0,
          1.0
        ]
      ]
    },
    {
      "file_path": "./images/0023.jpg",
      "sharpness": 736.7888272465013,
      "transform_matrix": [
        [
          -0.8647175016280643,
          0.41398627867163834,
          -0.28439234083318404,
          -0.848343469081272
        ],
        [
          -0.4888523912200103,
          -0.5637684649181932,
          0.665724010054633,
          3.1833714672325844
        ],
        [
          0.11526917211886215,
          0.7146890786092172,
          0.6898786407416532,
          2.8672597821850734
        ],
        [
          0.0,
          0.0,
          0.0,
          1.0
        ]
      ]
    },
    {
      "file_path": "./images/0026.jpg",
      "sharpness": 604.5125848746142,
      "transform_matrix": [
        [
          -0.44589295959640995,
          0.7232481802902927,
          -0.5273438521154722,
          -1.9591440000648024
        ],
        [
          -0.8948060968139516,
          -0.3454375916047244,
          0.28283373103621756,
          1.3220005380664435
        ],
        [
          0.022394591074331643,
          0.597984063395714,
          0.8011950713098374,
          3.020860520669984
        ],
        [
          0.0,
          0.0,
          0.0,
          1.0
        ]
      ]
    },
    {
      "file_path": "./images/0033.jpg",
      "sharpness": 425.71736806530237,
      "transform_matrix": [
        [
          0.756822089178546,
          0.5738972328087851,
          -0.31282949282427175,
          -1.457916650895725
        ],
        [
          -0.6215110211320355,
          0.4836983257316971,
          -0.6162466878586261,
          -2.2647209199641156
        ],
        [
          -0.20234716697104863,
          0.6608160832799548,
          0.7227570326002658,
          2.7832391225651922
        ],
        [
          0.0,
          0.0,
          0.0,
          1.0
        ]
      ]
    },
    {
      "file_path": "./images/0034.jpg",
      "sharpness": 532.5115790699327,
      "transform_matrix": [
        [
          0.881094860704341,
          0.45014672661578964,
          -0.14505092565143565,
          -0.8140580398604881
        ],
        [
          -0.41029146274993955,
          0.5749959166367775,
          -0.7078422221417046,
          -2.894093469903272
        ],
        [
          -0.23522916930357476,
          0.6831893005773568,
          0.6913173059899363,
          2.8144679596824425
        ],
        [
          0.0,
          0.0,
          0.0,
          1.0
        ]
      ]
    },
    {
      "file_path": "./images/0035.jpg",
      "sharpness": 576.0909778508246,
      "transform_matrix": [
        [
          0.946734937585708,
          0.31873717743615854,
          0.04582106229090611,
          -0.11671136601341292
        ],
        [
          -0.1743286167907776,
          0.6269580060851061,
          -0.7592978282430167,
          -3.363783560405476
        ],
        [
          -0.27074432845819235,
          0.7108658596215588,
          0.6491280600220855,
          2.756862977475356
        ],
        [
          0.0,
          0.0,
          0.0,
          1.0
        ]
      ]
    },
    {
      "file_path": "./images/0036.jpg",
      "sharpness": 591.911902379996,
      "transform_matrix": [
        [
          0.9509402810541785,
          0.19263272612646146,
          0.24208513950372712,
          0.5325561033700086
        ],
        [
          0.06355387639050511,
          0.644175520579942,
          -0.7622327751299212,
          -3.41763257821014
        ],
        [
          -0.3027762981806961,
          0.7402232984427516,
          0.6003298941235047,
          2.4242959354757447
        ],
        [
          0.0,
          0.0,
          0.0,
          1.0
        ]
      ]
    },
    {
      "file_path": "./images/0037.jpg",
      "sharpness": 670.9868548935365,
      "transform_matrix": [
        [
          0.9201155985788275,
          0.06867914834562068,
          0.3855780853592397,
          1.1224016093790465
        ],
        [
          0.2537927954008395,
          0.6452682708271623,
          -0.7205678841492391,
          -3.2626251173121386
        ],
        [
          -0.29828929301718016,
          0.7608626901692814,
          0.5762911282116755,
          2.3675171917603013
        ],
        [
          0.0,
          0.0,
          0.0,
          1.0
        ]
      ]
    },
    {
      "file_path": "./images/0040.jpg",
      "sharpness": 691.3565548571361,
      "transform_matrix": [
        [
          0.5974680701811973,
          -0.2161416384632411,
          0.7722141524934858,
          3.0308075765913283
        ],
        [
          0.754631080481232,
          0.4772645265922743,
          -0.4502782517836506,
          -2.3161624625437756
        ],
        [
          -0.271226542812776,
          0.8517636783967989,
          0.4482575138395283,
          2.0414309163744586
        ],
        [
          0.0,
          0.0,
          0.0,
          1.0
        ]
      ]
    },
    {
      "file_path": "./images/0041.jpg",
      "sharpness": 774.1392329739595,
      "transform_matrix": [
        [
          0.42437533497755253,
          -0.2806211257135781,
          0.8609049651040385,
          3.475883650922556
        ],
        [
          0.8767360116782976,
          0.3650238632780881,
          -0.313195697711401,
          -1.7806449328038285
        ],
        [
          -0.22636152701714085,
          0.887698914669163,
          0.4009377708042355,
          1.862884180438652
        ],
        [
          0.0,
          0.0,
          0.0,
          1.0
        ]
      ]
    },
    {
      "file_path": "./images/0045.jpg",
      "sharpness": 747.449707401825,
      "transform_matrix": [
        [
          -0.15711895290830777,
          -0.3447985594826509,
          0.9254337297130124,
          3.9400092677500362
        ],
        [
          0.9855396239661506,
          0.005457992564677634,
          0.1693571962178819,
          0.515126976964968
        ],
        [
          -0.06344512770982182,
          0.9386608353241951,
          0.33895508857985873,
          1.5210983002784864
        ],
        [
          0.0,
          0.0,
          0.0,
          1.0
        ]
      ]
    },
    {
      "file_path": "./images/0044.jpg",
      "sharpness": 597.7007601461997,
      "transform_matrix": [
        [
          0.005121580299563503,
          -0.36367056546175436,
          0.9315135475701972,
          3.7739965535592765
        ],
        [
          0.9943072181256446,
          0.10099376497037219,
          0.033961970221278746,
          -0.2457230933986279
        ],
        [
          -0.10642802920458981,
          0.9260367051732534,
          0.3621175159355081,
          1.8004841288606226
        ],
        [
          0.0,
          0.0,
          0.0,
          1.0
        ]
      ]
    },
    {
      "file_path": "./images/0038.jpg",
      "sharpness": 793.0438985969989,
      "transform_matrix": [
        [
          0.8750544718765961,
          -0.02573048076674677,
          0.4833400600851685,
          1.6698173136030632
        ],
        [
          0.38590990767808714,
          0.639825457380582,
          -0.6646028342134711,
          -2.9908742525904204
        ],
        [
          -0.29215272457109603,
          0.7680894000649469,
          0.5698117751585753,
          2.2305849209527695
        ],
        [
          0.0,
          0.0,
          0.0,
          1.0
        ]
      ]
    },
    {
      "file_path": "./images/0042.jpg",
      "sharpness": 747.713406684317,
      "transform_matrix": [
        [
          0.28855369788847846,
          -0.32938995078286637,
          0.8990211476005425,
          3.611352342124982
        ],
        [
          0.939613368491974,
          0.27788272031953776,
          -0.19976964609254155,
          -1.2823319340931871
        ],
        [
          -0.18402032822569853,
          0.9023765589483416,
          0.389683287730007,
          1.686721418816661
        ],
        [
          0.0,
          0.0,
          0.0,
          1.0
        ]
      ]
    },
    {
      "file_path": "./images/0043.jpg",
      "sharpness": 660.6310984099557,
      "transform_matrix": [
        [
          0.15093457493199758,
          -0.36500016000858165,
          0.918691263351654,
          3.720146097659205
        ],
        [
          0.9779035895742496,
          0.19111541680903912,
          -0.08473173523931249,
          -0.6121775496688074
        ],
        [
          -0.1446489667941203,
          0.911180432583681,
          0.3857808908665912,
          1.8052750761963987
        ],
        [
          0.0,
          0.0,
          0.0,
          1.0
        ]
      ]
    },
    {
      "file_path": "./images/0047.jpg",
      "sharpness": 928.4249265731966,
      "transform_matrix": [
        [
          -0.300647309890787,
          -0.3125006908786304,
          0.9010851865005123,
          3.831452969028047
        ],
        [
          0.953667441756622,
          -0.10978073727438441,
          0.2801189037852185,
          1.2680645260755226
        ],
        [
          0.011384445160007061,
          0.9435525994873142,
          0.33102701775677124,
          1.3257618059726073
        ],
        [
          0.0,
          0.0,
          0.0,
          1.0
        ]
      ]
    },
    {
      "file_path": "./images/0049.jpg",
      "sharpness": 582.7972778638002,
      "transform_matrix": [
        [
          -0.5035371320748128,
          -0.28785703486387426,
          0.8146095286553565,
          3.6361335380557622
        ],
        [
          0.8630644360533567,
          -0.21083411510090996,
          0.4589866611683584,
          1.9361141634062364
        ],
        [
          0.039624939800828075,
          0.9341773404779349,
          0.3546019751202244,
          1.4256980982752736
        ],
        [
          0.0,
          0.0,
          0.0,
          1.0
        ]
      ]
    },
    {
      "file_path": "./images/0046.jpg",
      "sharpness": 812.1005417176336,
      "transform_matrix": [
        [
          -0.25886937513729474,
          -0.32294612921825316,
          0.9103254606534001,
          3.97063621672819
        ],
        [
          0.9658697435386108,
          -0.0776965852157165,
          0.24710094933738075,
          0.9674964258410226
        ],
        [
          -0.009071115386969437,
          0.9432226875687675,
          0.3320371614699153,
          1.3535568384224554
        ],
        [
          0.0,
          0.0,
          0.0,
          1.0
        ]
      ]
    },
    {
      "file_path": "./images/0039.jpg",
      "sharpness": 723.5419386720375,
      "transform_matrix": [
        [
          0.7661054740518854,
          -0.1200857968017831,
          0.6313967089786483,
          2.3419872478033876
        ],
        [
          0.5687492534517422,
          0.5842143837132712,
          -0.5789800001395288,
          -2.8073573324472845
        ],
        [
          -0.2993437645654969,
          0.8026661543369474,
          0.5158685446637574,
          1.9887146499216863
        ],
        [
          0.0,
          0.0,
          0.0,
          1.0
        ]
      ]
    },
    {
      "file_path": "./images/0048.jpg",
      "sharpness": 470.11721656334,
      "transform_matrix": [
        [
          -0.37663120939915123,
          -0.31247083131669084,
          0.8720727674670504,
          3.8363121060011633
        ],
        [
          0.9262158599090815,
          -0.14381521688731522,
          0.3484843816378215,
          1.7035960674134052
        ],
        [
          0.016526129763542043,
          0.9389777223357547,
          0.3435807387907652,
          1.6208335442132231
        ],
        [
          0.0,
          0.0,
          0.0,
          1.0
        ]
      ]
    },
    {
      "file_path": "./images/0050.jpg",
      "sharpness": 807.0482909223783,
      "transform_matrix": [
        [
          -0.5548498699249717,
          -0.2621703426012162,
          0.7895621149595858,
          3.51075472037496
        ],
        [
          0.8294370107580675,
          -0.2480366043258458,
          0.500511826134193,
          2.1904913398948658
        ],
        [
          0.06462094896534701,
          0.9326009620663637,
          0.3550768629233986,
          1.248893486719699
        ],
        [
          0.0,
          0.0,
          0.0,
          1.0
        ]
      ]
    },
    {
      "file_path": "./images/0051.jpg",
      "sharpness": 866.7575321946571,
      "transform_matrix": [
        [
          -0.5393420797572093,
          -0.2624417264134689,
          0.8001465249034937,
          3.4074512521496865
        ],
        [
          0.8384738603536236,
          -0.25529300145289474,
          0.4814426953582578,
          2.3114927428936047
        ],
        [
          0.07792115580574147,
          0.9305642501828087,
          0.3577407858148353,
          1.210289486511693
        ],
        [
          0.0,
          0.0,
          0.0,
          1.0
        ]
      ]
    }
  ]
}