{
  "camera_angle_x": 0.4991808002234941,
  "camera_angle_y": 0.05942710155922428,
  "fl_x": 2510.7327821334216,
  "fl_y": 12112.118441206085,
  "k1": -0.483586786622097,
  "k2": 8.092021964140685,
  "k3": 0,
  "k4": 0,
  "p1": -0.0025686255403342805,
  "p2": 0.007858421687772147,
  "is_fisheye": false,
  "cx": 595.4382124810055,
  "cy": 270.5605711593894,
  "w": 1280.0,
  "h": 720.0,
  "aabb_scale": 16,
  "frames": [
    {
      "file_path": "./images/0002.jpg",
      "sharpness": 262.63013454822965,
      "transform_matrix": [
        [
          0.025241727298381936,
          0.004655230851857358,
          0.9996705377411886,
          3.9374412539603494
        ],
        [
          0.9996670656325194,
          -0.005468309454667696,
          -0.025216174994956063,
          -0.12834204601509572
        ],
        [
          0.0053491207372805254,
          0.9999742128757477,
          -0.004791710541556226,
          -0.019870778262302352
        ],
        [
          0.0,
          0.0,
          0.0,
          1.0
        ]
      ]
    },
    {
      "file_path": "./images/0016.jpg",
      "sharpness": 154.04509436246963,
      "transform_matrix": [
        [
          -0.9343515121611539,
          -0.008500209781477332,
          -0.3562513131974152,
          -1.439524625482468
        ],
        [
          -0.3562928490204794,
          0.0039607960821937864,
          0.9343659442805397,
          3.7982547582612614
        ],
        [
          -0.006531267733463919,
          0.9999560282968013,
          -0.006729339769074006,
          -0.026808540238438257
        ],
        [
          0.0,
          0.0,
          0.0,
          1.0
        ]
      ]
    },
    {
      "file_path": "./images/0012.jpg",
      "sharpness": 142.70134657055777,
      "transform_matrix": [
        [
          -0.9684399142782771,
          -0.0005753730262518327,
          0.24924646713165416,
          0.9915726512216526
        ],
        [
          0.24924110007743247,
          0.004721059160895552,
          0.9684299590742689,
          3.9187674133598245
        ],
        [
          -0.0017339157932381288,
          0.999988690208708,
          -0.004428655523062512,
          -0.01738910208062369
        ],
        [
          0.0,
          0.0,
          0.0,
          1.0
        ]
      ]
    },
    {
      "file_path": "./images/0003.jpg",
      "sharpness": 227.12138888796582,
      "transform_matrix": [
        [
          0.001945040971996269,
          0.005559337536536218,
          0.9999826551399876,
          3.939434804058469
        ],
        [
          0.9999840952808814,
          -0.005304700118633279,
          -0.0019155526431635813,
          -0.03417953895634745
        ],
        [
          0.005293958905639965,
          0.9999704765251088,
          -0.005569566975909232,
          -0.02279910000704268
        ],
        [
          0.0,
          0.0,
          0.0,
          1.0
        ]
      ]
    },
    {
      "file_path": "./images/0008.jpg",
      "sharpness": 229.60819552945617,
      "transform_matrix": [
        [
          -0.6371058546205118,
          0.004096871396676682,
          0.770765428422989,
          3.0669048313461493
        ],
        [
          0.7707741385243841,
          0.0010091657930238202,
          0.6371076902427056,
          2.5532132339082914
        ],
        [
          0.0018323181679483357,
          0.9999910985744869,
          -0.0038007079564369834,
          -0.015520608549413251
        ],
        [
          0.0,
          0.0,
          0.0,
          1.0
        ]
      ]
    },
    {
      "file_path": "./images/0007.jpg",
      "sharpness": 242.7577495580556,
      "transform_matrix": [
        [
          -0.5128982435755458,
          0.00448132109452662,
          0.8584377143959921,
          3.4124074192332574
        ],
        [
          0.8584456038913765,
          -0.00030083210361300447,
          0.5129045278213238,
          2.048566190618415
        ],
        [
          0.002556735503446462,
          0.9999899135793024,
          -0.003692674135667927,
          -0.015157680207056457
        ],
        [
          0.0,
          0.0,
          0.0,
          1.0
        ]
      ]
    },
    {
      "file_path": "./images/0005.jpg",
      "sharpness": 264.6804166645897,
      "transform_matrix": [
        [
          -0.22180657510035126,
          0.0047233991990751276,
          0.9750792443393027,
          3.8570282435749603
        ],
        [
          0.9750821310065488,
          -0.0031140923295592746,
          0.22182231677784553,
          0.8679891291254527
        ],
        [
          0.004084242148914971,
          0.9999839958359416,
          -0.003914976002463102,
          -0.016256421090632116
        ],
        [
          0.0,
          0.0,
          0.0,
          1.0
        ]
      ]
    },
    {
      "file_path": "./images/0004.jpg",
      "sharpness": 241.4929589546097,
      "transform_matrix": [
        [
          -0.08015553326425945,
          0.0048437499443162065,
          0.9967705997734115,
          3.9312811086723953
        ],
        [
          0.9967708153629183,
          -0.004425112773614039,
          0.08017705418437163,
          0.29617219169012793
        ],
        [
          0.004799179915161247,
          0.9999784779996344,
          -0.004473411307286757,
          -0.01847222217541087
        ],
        [
          0.0,
          0.0,
          0.0,
          1.0
        ]
      ]
    },
    {
      "file_path": "./images/0001.jpg",
      "sharpness": 262.71065104128525,
      "transform_matrix": [
        [
          0.02524835633513715,
          0.0046578608283094096,
          0.9996703580850667,
          3.937430816602657
        ],
        [
          0.9996669011355807,
          -0.0054678637328282416,
          -0.025222792077492975,
          -0.12836362851706767
        ],
        [
          0.005348577040558407,
          0.9999742030661346,
          -0.004794363872075419,
          -0.01988111971282392
        ],
        [
          0.0,
          0.0,
          0.0,
          1.0
        ]
      ]
    },
    {
      "file_path": "./images/0010.jpg",
      "sharpness": 167.4220464234482,
      "transform_matrix": [
        [
          -0.8441841504026644,
          0.0018648195183936242,
          0.5360500374555929,
          2.135440617446235
        ],
        [
          0.5360532786099652,
          0.0028398151407234254,
          0.8441793754537439,
          3.3990756023059654
        ],
        [
          5.195916381983122e-05,
          0.9999942289319363,
          -0.003396969548723054,
          -0.013854449594408558
        ],
        [
          0.0,
          0.0,
          0.0,
          1.0
        ]
      ]
    },
    {
      "file_path": "./images/0009.jpg",
      "sharpness": 200.46433375311483,
      "transform_matrix": [
        [
          -0.7540023119270474,
          0.002894552069510794,
          0.6568653858866608,
          2.615215897097327
        ],
        [
          0.656871205101017,
          0.0020187337399002387,
          0.7540000959039892,
          3.0294582554500953
        ],
        [
          0.0008564562209483306,
          0.9999937731213389,
          -0.003423477813177193,
          -0.014077657848645793
        ],
        [
          0.0,
          0.0,
          0.0,
          1.0
        ]
      ]
    },
    {
      "file_path": "./images/0011.jpg",
      "sharpness": 155.20162217643525,
      "transform_matrix": [
        [
          -0.9198216447145516,
          0.001036122972935885,
          0.392335402892537,
          1.563014323650153
        ],
        [
          0.39233626180960357,
          0.00404033180007541,
          0.9198129882689261,
          3.71370109888075
        ],
        [
          -0.0006321258366517643,
          0.9999913010457528,
          -0.004122893255514633,
          -0.01648276858926054
        ],
        [
          0.0,
          0.0,
          0.0,
          1.0
        ]
      ]
    },
    {
      "file_path": "./images/0006.jpg",
      "sharpness": 260.5648719578448,
      "transform_matrix": [
        [
          -0.36410028770626435,
          0.0046165622093989845,
          0.931348306405627,
          3.6925958067976583
        ],
        [
          0.9313535790267159,
          -0.0018349125930962433,
          0.3641114443819399,
          1.4439946457713846
        ],
        [
          0.0033898858701259314,
          0.9999876601479589,
          -0.0036315595334611515,
          -0.015024945619311456
        ],
        [
          0.0,
          0.0,
          0.0,
          1.0
        ]
      ]
    },
    {
      "file_path": "./images/0017.jpg",
      "sharpness": 169.03557400060458,
      "transform_matrix": [
        [
          -0.866502612928401,
          -0.010271475878884499,
          -0.49906684779753757,
          -2.0127390315937084
        ],
        [
          -0.4991200000225502,
          0.003323103487367366,
          0.8665265042459473,
          3.5312075347464305
        ],
        [
          -0.00724205530443081,
          0.9999417251847876,
          -0.008006176895735696,
          -0.031699468650205946
        ],
        [
          0.0,
          0.0,
          0.0,
          1.0
        ]
      ]
    },
    {
      "file_path": "./images/0018.jpg",
      "sharpness": 209.01496852860512,
      "transform_matrix": [
        [
          -0.7847150755159462,
          -0.011608123364010584,
          -0.6197479340256127,
          -2.4964355300962873
        ],
        [
          -0.6198110924005934,
          0.0025743552995819217,
          0.7847468269652155,
          3.208194128866878
        ],
        [
          -0.007513986598564207,
          0.9999293095843349,
          -0.009214979036284487,
          -0.03645903173484756
        ],
        [
          0.0,
          0.0,
          0.0,
          1.0
        ]
      ]
    },
    {
      "file_path": "./images/0019.jpg",
      "sharpness": 220.22393012135822,
      "transform_matrix": [
        [
          -0.6765403060501892,
          -0.0124746471784535,
          -0.7362999371630669,
          -2.9677090190161843
        ],
        [
          -0.7363685403229474,
          0.001428462611039766,
          0.6765791397295813,
          2.7845778734856723
        ],
        [
          -0.0073883091256796655,
          0.9999211682284704,
          -0.010152350265895588,
          -0.04006059633752176
        ],
        [
          0.0,
          0.0,
          0.0,
          1.0
        ]
      ]
    }
  ]
}