{
  "camera_angle_x": 0.5879643420946867,
  "camera_angle_y": 0.9800794031307962,
  "fl_x": 789.4178286301707,
  "fl_y": 796.7169346063063,
  "k1": 0.03390843535459354,
  "k2": -0.03237450617915791,
  "k3": 0,
  "k4": 0,
  "p1": 0.004614369078966725,
  "p2": 0.0002588840824340966,
  "is_fisheye": false,
  "cx": 235.85408963135163,
  "cy": 447.5104774208096,
  "w": 478.0,
  "h": 850.0,
  "aabb_scale": 16,
  "frames": [
    {
      "file_path": "./images/0009.jpg",
      "sharpness": 787.9608786354939,
      "transform_matrix": [
        [
          -0.018630560322868882,
          -0.06825631141912832,
          0.9974938487270493,
          3.6355394987881606
        ],
        [
          0.9964705441285976,
          0.08040521521484947,
          0.024113399827873687,
          0.13709592205679058
        ],
        [
          -0.08184959931041222,
          0.9944224843560548,
          0.0665174095676961,
          0.2078943435067603
        ],
        [
          0.0,
          0.0,
          0.0,
          1.0
        ]
      ]
    },
    {
      "file_path": "./images/0012.jpg",
      "sharpness": 553.6619460248018,
      "transform_matrix": [
        [
          -0.19585717185798285,
          -0.25675444801432384,
          0.946423331142805,
          3.586756519539034
        ],
        [
          0.9803083391598879,
          -0.026452648408649557,
          0.19569317199815464,
          0.493338106846685
        ],
        [
          -0.025209688732094802,
          0.9661145951142478,
          0.25687946741030737,
          1.2244101424090332
        ],
        [
          0.0,
          0.0,
          0.0,
          1.0
        ]
      ]
    },
    {
      "file_path": "./images/0011.jpg",
      "sharpness": 725.9327967000424,
      "transform_matrix": [
        [
          -0.09677357144297845,
          -0.1852737059722799,
          0.977910287204434,
          3.5026869214125
        ],
        [
          0.993649814816871,
          0.03867992555366658,
          0.10565940031303236,
          0.2847724567708341
        ],
        [
          -0.057401405774036414,
          0.9819254133130144,
          0.18035398909081435,
          0.8342539383419916
        ],
        [
          0.0,
          0.0,
          0.0,
          1.0
        ]
      ]
    },
    {
      "file_path": "./images/0010.jpg",
      "sharpness": 505.2801128023622,
      "transform_matrix": [
        [
          -0.03707983192270505,
          -0.1054449417896227,
          0.9937335912559047,
          3.5909250610620806
        ],
        [
          0.9940507854177211,
          0.09801792660608294,
          0.04749233701561542,
          0.21733105002295494
        ],
        [
          -0.10241153292578525,
          0.9895826647580603,
          0.10118313896033469,
          0.35484993651206836
        ],
        [
          0.0,
          0.0,
          0.0,
          1.0
        ]
      ]
    },
    {
      "file_path": "./images/0013.jpg",
      "sharpness": 772.8402214481747,
      "transform_matrix": [
        [
          -0.33226032658063137,
          -0.30863524593765995,
          0.8912616677611146,
          3.721685462815209
        ],
        [
          0.9431829879105443,
          -0.11171689567687626,
          0.3129300026162535,
          0.8908392307900587
        ],
        [
          0.0029877584393272244,
          0.944597067675217,
          0.32821860568016137,
          1.4224301405460322
        ],
        [
          0.0,
          0.0,
          0.0,
          1.0
        ]
      ]
    },
    {
      "file_path": "./images/0014.jpg",
      "sharpness": 708.0381040809077,
      "transform_matrix": [
        [
          -0.47305133218734274,
          -0.3013221414374394,
          0.8279054319607565,
          3.546338884323995
        ],
        [
          0.8798350007783056,
          -0.21059342234412376,
          0.42607602827638286,
          1.351360141070815
        ],
        [
          0.04596529703850711,
          0.9299760091627906,
          0.36473526553590985,
          1.543165735484464
        ],
        [
          0.0,
          0.0,
          0.0,
          1.0
        ]
      ]
    },
    {
      "file_path": "./images/0005.jpg",
      "sharpness": 1027.415260346533,
      "transform_matrix": [
        [
          -0.050388141977520264,
          -0.3827940127291877,
          0.9224585513948744,
          3.2709065236207855
        ],
        [
          0.9954994766324944,
          0.05497554961713082,
          0.07719119748826715,
          0.27494349572913335
        ],
        [
          -0.08026099409586054,
          0.9221965261472203,
          0.37830112353055856,
          1.5004906764454522
        ],
        [
          0.0,
          0.0,
          0.0,
          1.0
        ]
      ]
    },
    {
      "file_path": "./images/0008.jpg",
      "sharpness": 776.1530321505389,
      "transform_matrix": [
        [
          -0.026586417090222917,
          -0.11243804982659046,
          0.9933029988136995,
          3.562886189032546
        ],
        [
          0.9966760835819435,
          0.07356304631633416,
          0.035003751704182344,
          0.15853527299496006
        ],
        [
          -0.07700614808611826,
          0.9909319670103682,
          0.11010853731496402,
          0.45357541004605917
        ],
        [
          0.0,
          0.0,
          0.0,
          1.0
        ]
      ]
    },
    {
      "file_path": "./images/0007.jpg",
      "sharpness": 606.3462095768353,
      "transform_matrix": [
        [
          -0.025854205573373364,
          -0.1917169079961674,
          0.981109671401393,
          3.48849897105259
        ],
        [
          0.9959359135882656,
          0.07976110129078319,
          0.04183088269373219,
          0.1999471338326948
        ],
        [
          -0.08627407536680627,
          0.978203861157909,
          0.18887559400595003,
          0.6829369024703807
        ],
        [
          0.0,
          0.0,
          0.0,
          1.0
        ]
      ]
    },
    {
      "file_path": "./images/0001.jpg",
      "sharpness": 2129.177259690099,
      "transform_matrix": [
        [
          -0.028187291328985387,
          -0.5932031948166738,
          0.8045591627354801,
          2.7807085645329273
        ],
        [
          0.9976737662440066,
          0.033282550128599576,
          0.059492251649985145,
          0.3234996050651143
        ],
        [
          -0.062068774410776476,
          0.8043644954815066,
          0.5908851205840818,
          2.3002735244558687
        ],
        [
          0.0,
          0.0,
          0.0,
          1.0
        ]
      ]
    },
    {
      "file_path": "./images/0006.jpg",
      "sharpness": 684.0019831882166,
      "transform_matrix": [
        [
          -0.032322833570048115,
          -0.27614248822029536,
          0.9605730376729809,
          3.412595671672803
        ],
        [
          0.9963572612719226,
          0.06697958463604019,
          0.052782034383358704,
          0.26098376477697427
        ],
        [
          -0.07891414538386549,
          0.9587799859803645,
          0.2729716033172059,
          1.088365672734204
        ],
        [
          0.0,
          0.0,
          0.0,
          1.0
        ]
      ]
    },
    {
      "file_path": "./images/0015.jpg",
      "sharpness": 681.2580937883939,
      "transform_matrix": [
        [
          -0.5901922653208974,
          -0.27257349371535133,
          0.7598531309101685,
          3.0709713529272467
        ],
        [
          0.8047761003188757,
          -0.2724885026723792,
          0.5273380739789761,
          1.7301427029826622
        ],
        [
          0.06331286069905709,
          0.9227424919805844,
          0.380181239988643,
          1.4015703138020013
        ],
        [
          0.0,
          0.0,
          0.0,
          1.0
        ]
      ]
    },
    {
      "file_path": "./images/0003.jpg",
      "sharpness": 1007.6455952277291,
      "transform_matrix": [
        [
          -0.034994858923048634,
          -0.5590597702340283,
          0.8283885158726078,
          2.8792731339754636
        ],
        [
          0.9964887633340577,
          0.04356713503553085,
          0.07149859645269269,
          0.27629132891583214
        ],
        [
          -0.07606250323780284,
          0.8279819310380883,
          0.5555721533260796,
          2.0781296936114075
        ],
        [
          0.0,
          0.0,
          0.0,
          1.0
        ]
      ]
    },
    {
      "file_path": "./images/0016.jpg",
      "sharpness": 543.907374701903,
      "transform_matrix": [
        [
          -0.6847965396128864,
          -0.2526070728327785,
          0.6835520215491008,
          2.616040153209278
        ],
        [
          0.7254688008492505,
          -0.3250123990717424,
          0.6066811019348877,
          2.1017908660227986
        ],
        [
          0.06891094511127614,
          0.9113487846448511,
          0.4058259164296469,
          1.529325947213595
        ],
        [
          0.0,
          0.0,
          0.0,
          1.0
        ]
      ]
    },
    {
      "file_path": "./images/0004.jpg",
      "sharpness": 1100.4676937633876,
      "transform_matrix": [
        [
          -0.047810659956702195,
          -0.49460238310956495,
          0.8678033322658046,
          3.035465163785446
        ],
        [
          0.9950787069663686,
          0.05190442436567437,
          0.0844055547600785,
          0.2662108394050914
        ],
        [
          -0.08679002095589038,
          0.8675681030492537,
          0.48968671506355477,
          1.786094561212323
        ],
        [
          0.0,
          0.0,
          0.0,
          1.0
        ]
      ]
    },
    {
      "file_path": "./images/0002.jpg",
      "sharpness": 924.5656469609983,
      "transform_matrix": [
        [
          -0.02831760061860337,
          -0.5918010394607444,
          0.8055865212770001,
          2.796933963183813
        ],
        [
          0.9975707171031037,
          0.034582191798915383,
          0.06047095492656743,
          0.31457027369895213
        ],
        [
          -0.06364572157214868,
          0.8053419160695279,
          0.5893841026213394,
          2.2487370049776536
        ],
        [
          0.0,
          0.0,
          0.0,
          1.0
        ]
      ]
    },
    {
      "file_path": "./images/0017.jpg",
      "sharpness": 858.1550466786316,
      "transform_matrix": [
        [
          -0.7776063657699703,
          -0.21649684638932934,
          0.5903028506557332,
          2.402326939477768
        ],
        [
          0.6225805066980277,
          -0.39633719197310413,
          0.6747668804405346,
          2.3746519629120715
        ],
        [
          0.0878740725792705,
          0.8922140695078407,
          0.4429810397932743,
          1.7286367621466354
        ],
        [
          0.0,
          0.0,
          0.0,
          1.0
        ]
      ]
    },
    {
      "file_path": "./images/0019.jpg",
      "sharpness": 625.9687219407547,
      "transform_matrix": [
        [
          -0.974553651003191,
          -0.007675084848918904,
          0.22402293289684108,
          1.4806928395291095
        ],
        [
          0.19464174544229595,
          -0.5246576393529595,
          0.8287635081256324,
          3.3368995225507683
        ],
        [
          0.11117451289003148,
          0.8512787173401917,
          0.5128009098695536,
          2.313260148102623
        ],
        [
          0.0,
          0.0,
          0.0,
          1.0
        ]
      ]
    },
    {
      "file_path": "./images/0018.jpg",
      "sharpness": 598.7620245222414,
      "transform_matrix": [
        [
          -0.9041821671122898,
          -0.10948613777694496,
          0.4128769724574153,
          2.0415738715736502
        ],
        [
          0.4120845859490096,
          -0.47800914999440297,
          0.775689078526835,
          2.7994963293264714
        ],
        [
          0.11243176933297128,
          0.8715044682707237,
          0.4773248988944117,
          1.9139065602253333
        ],
        [
          0.0,
          0.0,
          0.0,
          1.0
        ]
      ]
    },
    {
      "file_path": "./images/0031.jpg",
      "sharpness": 611.9907765291963,
      "transform_matrix": [
        [
          0.49590013457886434,
          0.7044288689453824,
          -0.5078021516257926,
          -2.2603348522983455
        ],
        [
          -0.8543804709065498,
          0.29121145870069465,
          -0.4303834305080345,
          -1.3136189357623276
        ],
        [
          -0.15529670785930993,
          0.6472834425428516,
          0.7462620703303062,
          2.561127869705245
        ],
        [
          0.0,
          0.0,
          0.0,
          1.0
        ]
      ]
    },
    {
      "file_path": "./images/0020.jpg",
      "sharpness": 563.5308783939442,
      "transform_matrix": [
        [
          -0.9907220863605267,
          0.13174952018296862,
          0.033343839068003325,
          0.9326374983383751
        ],
        [
          -0.04708825336354265,
          -0.5629279798049835,
          0.8251634904361673,
          3.4880640141398
        ],
        [
          0.1274850739029622,
          0.8159375916913074,
          0.563909037410011,
          2.4285812330013177
        ],
        [
          0.0,
          0.0,
          0.0,
          1.0
        ]
      ]
    },
    {
      "file_path": "./images/0029.jpg",
      "sharpness": 478.0300629911773,
      "transform_matrix": [
        [
          0.1684632254014695,
          0.8031905546203005,
          -0.5714062256668697,
          -2.329456063723114
        ],
        [
          -0.9838483269306444,
          0.10141966987056994,
          -0.14750091579398586,
          -0.24793746424087687
        ],
        [
          -0.060519511594451465,
          0.5870255391444297,
          0.8073031680752283,
          3.2993196638006728
        ],
        [
          0.0,
          0.0,
          0.0,
          1.0
        ]
      ]
    },
    {
      "file_path": "./images/0022.jpg",
      "sharpness": 919.638586056613,
      "transform_matrix": [
        [
          -0.943024532500908,
          0.30029762687622347,
          -0.14326920977217236,
          -0.2880089605776365
        ],
        [
          -0.3026056180081848,
          -0.5950619997609305,
          0.7445341203674651,
          3.4450981957611657
        ],
        [
          0.13832776700352933,
          0.7454680085551564,
          0.6520298131008783,
          2.631414170080902
        ],
        [
          0.0,
          0.0,
          0.0,
          1.0
        ]
      ]
    },
    {
      "file_path": "./images/0027.jpg",
      "sharpness": 664.5192959489746,
      "transform_matrix": [
        [
          -0.28918185939871877,
          0.7874287137302063,
          -0.5443618953074175,
          -1.9468947285517821
        ],
        [
          -0.9572652912943996,
          -0.2403215444785019,
          0.16089971206768736,
          0.8860820641723796
        ],
        [
          -0.004124838122503462,
          0.5676280261934785,
          0.8232748081083852,
          3.162954693177181
        ],
        [
          0.0,
          0.0,
          0.0,
          1.0
        ]
      ]
    },
    {
      "file_path": "./images/0028.jpg",
      "sharpness": 487.90617397781637,
      "transform_matrix": [
        [
          -0.06052008639551796,
          0.8240738326814039,
          -0.5632403017427385,
          -2.041048121835647
        ],
        [
          -0.9978856491081947,
          -0.0633467261194379,
          0.014540412470570016,
          0.34958028946372444
        ],
        [
          -0.023697055700535728,
          0.5629294011273936,
          0.8261652007759822,
          3.307465275306412
        ],
        [
          0.0,
          0.0,
          0.0,
          1.0
        ]
      ]
    },
    {
      "file_path": "./images/0032.jpg",
      "sharpness": 598.8948805009509,
      "transform_matrix": [
        [
          0.6310354488831406,
          0.6482326181315679,
          -0.42613229767049693,
          -1.792530500631476
        ],
        [
          -0.7550648792031658,
          0.3872233908993389,
          -0.529088909102501,
          -1.770119159024537
        ],
        [
          -0.17796429549619316,
          0.6556313891197293,
          0.7338093697992805,
          2.6901335752662
        ],
        [
          0.0,
          0.0,
          0.0,
          1.0
        ]
      ]
    },
    {
      "file_path": "./images/0026.jpg",
      "sharpness": 604.5125848746142,
      "transform_matrix": [
        [
          -0.44571891533513774,
          0.724610106995875,
          -0.5256185322329161,
          -1.9534053672253804
        ],
        [
          -0.8948783358462709,
          -0.3456108607835027,
          0.2823931602260275,
          1.323033942656887
        ],
        [
          0.02296546467750551,
          0.5962326104885588,
          0.8024831846823238,
          3.0267611452949716
        ],
        [
          0.0,
          0.0,
          0.0,
          1.0
        ]
      ]
    },
    {
      "file_path": "./images/0024.jpg",
      "sharpness": 645.9248853269048,
      "transform_matrix": [
        [
          -0.7486207976859506,
          0.5296575196983255,
          -0.3987854224691014,
          -1.3468828661184806
        ],
        [
          -0.6556819707081861,
          -0.5023482931962556,
          0.5636730839875065,
          2.6137222845362342
        ],
        [
          0.09822451125662773,
          0.6834538054630639,
          0.7233552662849649,
          2.957914169334154
        ],
        [
          0.0,
          0.0,
          0.0,
          1.0
        ]
      ]
    },
    {
      "file_path": "./images/0021.jpg",
      "sharpness": 485.27371781723116,
      "transform_matrix": [
        [
          -0.9696640739419998,
          0.22965479034044226,
          -0.08372730172818284,
          0.27680642789082216
        ],
        [
          -0.20580883133275182,
          -0.5822201101161388,
          0.7865509953733111,
          3.52710576596781
        ],
        [
          0.13188748510261428,
          0.7799220606561421,
          0.6118229079161097,
          2.377732357196993
        ],
        [
          0.0,
          0.0,
          0.0,
          1.0
        ]
      ]
    },
    {
      "file_path": "./images/0030.jpg",
      "sharpness": 294.71421267085617,
      "transform_matrix": [
        [
          0.3375904411521856,
          0.7493200531299803,
          -0.569694788544486,
          -2.5029054313536303
        ],
        [
          -0.937104128516046,
          0.2105094590438488,
          -0.27842704605012103,
          -0.8647919982534124
        ],
        [
          -0.08870482718250058,
          0.6278576476438742,
          0.7732568965132888,
          2.933126563117899
        ],
        [
          0.0,
          0.0,
          0.0,
          1.0
        ]
      ]
    },
    {
      "file_path": "./images/0023.jpg",
      "sharpness": 736.7888272465013,
      "transform_matrix": [
        [
          -0.8645270107928144,
          0.4151298729289029,
          -0.2833023760692185,
          -0.8428799965915764
        ],
        [
          -0.4889985740200683,
          -0.5645951648151523,
          0.6649155543936681,
          3.1811991021880366
        ],
        [
          0.11607515789456983,
          0.7133719145839499,
          0.6911056860410857,
          2.8700304605156073
        ],
        [
          0.0,
          0.0,
          0.0,
          1.0
        ]
      ]
    },
    {
      "file_path": "./images/0025.jpg",
      "sharpness": 528.3647600941034,
      "transform_matrix": [
        [
          -0.587909372412544,
          0.6459133082106758,
          -0.486989289595386,
          -1.8095810724804204
        ],
        [
          -0.8066525032350894,
          -0.423003444426129,
          0.412770911074342,
          1.906206496473934
        ],
        [
          0.06061607780768103,
          0.6355030167806671,
          0.7697152764819103,
          3.027192004538986
        ],
        [
          0.0,
          0.0,
          0.0,
          1.0
        ]
      ]
    },
    {
      "file_path": "./images/0033.jpg",
      "sharpness": 425.71736806530237,
      "transform_matrix": [
        [
          0.7566244809065253,
          0.5749485013946098,
          -0.31137375565679004,
          -1.4538802944750235
        ],
        [
          -0.6215302946069773,
          0.4845657650594284,
          -0.6155453778715941,
          -2.2620975809861843
        ],
        [
          -0.2030258304183918,
          0.6592649240927514,
          0.7239822319087953,
          2.7896438280832694
        ],
        [
          0.0,
          0.0,
          0.0,
          1.0
        ]
      ]
    },
    {
      "file_path": "./images/0034.jpg",
      "sharpness": 532.5115790699327,
      "transform_matrix": [
        [
          0.8809199713747493,
          0.45083482689797905,
          -0.14397209091963223,
          -0.811479487502001
        ],
        [
          -0.4104427059412498,
          0.5763209556612688,
          -0.7066759803518547,
          -2.890916400472163
        ],
        [
          -0.23562001024753462,
          0.6816172789598524,
          0.6927345060483547,
          2.8231683911288563
        ],
        [
          0.0,
          0.0,
          0.0,
          1.0
        ]
      ]
    },
    {
      "file_path": "./images/0035.jpg",
      "sharpness": 576.0909778508246,
      "transform_matrix": [
        [
          0.9464834133767684,
          0.319334055825444,
          0.046849856643586055,
          -0.11370779288529301
        ],
        [
          -0.17445370532741988,
          0.6282988552703771,
          -0.7581599126598663,
          -3.3614633773947356
        ],
        [
          -0.2715419911726859,
          0.709412650934211,
          0.6503834544330045,
          2.7649616592154302
        ],
        [
          0.0,
          0.0,
          0.0,
          1.0
        ]
      ]
    },
    {
      "file_path": "./images/0036.jpg",
      "sharpness": 591.911902379996,
      "transform_matrix": [
        [
          0.9505651170798703,
          0.1930227724980298,
          0.24324507716066285,
          0.535671658004091
        ],
        [
          0.06365251938664909,
          0.645581500012449,
          -0.7610340883418804,
          -3.413567076615144
        ],
        [
          -0.30393143148128515,
          0.7388956192761481,
          0.6013808683754365,
          2.429823841714545
        ],
        [
          0.0,
          0.0,
          0.0,
          1.0
        ]
      ]
    },
    {
      "file_path": "./images/0038.jpg",
      "sharpness": 793.0438985969989,
      "transform_matrix": [
        [
          0.8747461648337508,
          -0.02573481759560681,
          0.48389757836421965,
          1.6714697573159
        ],
        [
          0.3858805308625495,
          0.6410188675911378,
          -0.6634689346867421,
          -2.988559388188165
        ],
        [
          -0.29311322569861087,
          0.7670935605258494,
          0.5706593610868654,
          2.235720145600331
        ],
        [
          0.0,
          0.0,
          0.0,
          1.0
        ]
      ]
    },
    {
      "file_path": "./images/0047.jpg",
      "sharpness": 928.4249265731966,
      "transform_matrix": [
        [
          -0.3008135455267083,
          -0.313158414367746,
          0.9008013201661734,
          3.8286665027758935
        ],
        [
          0.9536151108902539,
          -0.11003816867647614,
          0.28019604157989986,
          1.266801240064602
        ],
        [
          0.01137677951915729,
          0.9433045155305512,
          0.33173356770635104,
          1.3278017033593144
        ],
        [
          0.0,
          0.0,
          0.0,
          1.0
        ]
      ]
    },
    {
      "file_path": "./images/0037.jpg",
      "sharpness": 670.9868548935365,
      "transform_matrix": [
        [
          0.9197722357653875,
          0.06887994916533749,
          0.3863606954555697,
          1.1246115561810908
        ],
        [
          0.2537828601369164,
          0.6465486737021805,
          -0.7194227355565197,
          -3.2595704055635597
        ],
        [
          -0.2993547966709717,
          0.7597567802804742,
          0.5771969686369359,
          2.372699663477974
        ],
        [
          0.0,
          0.0,
          0.0,
          1.0
        ]
      ]
    },
    {
      "file_path": "./images/0044.jpg",
      "sharpness": 597.7007601461997,
      "transform_matrix": [
        [
          0.004832404320560037,
          -0.36456078539431114,
          0.9311670535924026,
          3.772463631422427
        ],
        [
          0.9942998968613292,
          0.10093254819978754,
          0.03435601572353885,
          -0.24577757686956228
        ],
        [
          -0.10650991959396196,
          0.9256932831887743,
          0.36297049819925453,
          1.8033263516548095
        ],
        [
          0.0,
          0.0,
          0.0,
          1.0
        ]
      ]
    },
    {
      "file_path": "./images/0042.jpg",
      "sharpness": 747.713406684317,
      "transform_matrix": [
        [
          0.28818538705840246,
          -0.33037772416853695,
          0.8987768032910103,
          3.610590633841857
        ],
        [
          0.9396241794690073,
          0.27844870642752706,
          -0.1989289301408423,
          -1.2806052098232648
        ],
        [
          -0.18454155103223643,
          0.9018408270478456,
          0.3906757462244279,
          1.691602365007531
        ],
        [
          0.0,
          0.0,
          0.0,
          1.0
        ]
      ]
    },
    {
      "file_path": "./images/0046.jpg",
      "sharpness": 812.1005417176336,
      "transform_matrix": [
        [
          -0.2590206637470459,
          -0.32359510843309436,
          0.9100519224884943,
          3.9676410882443207
        ],
        [
          0.9658291748338155,
          -0.07792590609028824,
          0.24718729376888932,
          0.9661970511568976
        ],
        [
          -0.009071978481302216,
          0.9429813142548438,
          0.33272201647679095,
          1.3552144807292956
        ],
        [
          0.0,
          0.0,
          0.0,
          1.0
        ]
      ]
    },
    {
      "file_path": "./images/0039.jpg",
      "sharpness": 723.5419386720375,
      "transform_matrix": [
        [
          0.7659334102357921,
          -0.12039434446190715,
          0.6315466831366848,
          2.3419687292302678
        ],
        [
          0.5686808534494645,
          0.5851023714497977,
          -0.5781498956540254,
          -2.8064239380508065
        ],
        [
          -0.2999134842965419,
          0.8019728279651036,
          0.516615413260679,
          1.9936552574521973
        ],
        [
          0.0,
          0.0,
          0.0,
          1.0
        ]
      ]
    },
    {
      "file_path": "./images/0045.jpg",
      "sharpness": 747.449707401825,
      "transform_matrix": [
        [
          -0.1572641185059674,
          -0.34565462311432593,
          0.925089659776297,
          3.937893147131283
        ],
        [
          0.9855266168982589,
          0.00510027195484687,
          0.16944401615875213,
          0.5136451106160023
        ],
        [
          -0.06328731639180712,
          0.9383479465642125,
          0.3398497415599847,
          1.5240119248133348
        ],
        [
          0.0,
          0.0,
          0.0,
          1.0
        ]
      ]
    },
    {
      "file_path": "./images/0041.jpg",
      "sharpness": 774.1392329739595,
      "transform_matrix": [
        [
          0.4240265457063562,
          -0.28136511674709674,
          0.8608339907839483,
          3.474046645903722
        ],
        [
          0.8767498927054561,
          0.365735944875039,
          -0.3123249017742294,
          -1.7787202320933624
        ],
        [
          -0.2269606005491864,
          0.88717015829444,
          0.40176858526508835,
          1.8655003498121827
        ],
        [
          0.0,
          0.0,
          0.0,
          1.0
        ]
      ]
    },
    {
      "file_path": "./images/0043.jpg",
      "sharpness": 660.6310984099557,
      "transform_matrix": [
        [
          0.15058483581030202,
          -0.36587819470867106,
          0.9183993433879943,
          3.718736722905014
        ],
        [
          0.977909530275549,
          0.19136094609345208,
          -0.08410671142912757,
          -0.6113502954821154
        ],
        [
          -0.14497295550175943,
          0.9107766658290259,
          0.38661183017360895,
          1.8081460174843056
        ],
        [
          0.0,
          0.0,
          0.0,
          1.0
        ]
      ]
    },
    {
      "file_path": "./images/0040.jpg",
      "sharpness": 691.3565548571361,
      "transform_matrix": [
        [
          0.5974375278281562,
          -0.21695575911511586,
          0.7720094552556697,
          3.0298681042921074
        ],
        [
          0.7545546542229551,
          0.47803457981781877,
          -0.4495889392432009,
          -2.3158794674504075
        ],
        [
          -0.27150630595525893,
          0.8511246319676349,
          0.44930077538351393,
          2.046930705938714
        ],
        [
          0.0,
          0.0,
          0.0,
          1.0
        ]
      ]
    },
    {
      "file_path": "./images/0049.jpg",
      "sharpness": 582.7972778638002,
      "transform_matrix": [
        [
          -0.5035986577521803,
          -0.28820896082168446,
          0.8144470436357897,
          3.6343825708067503
        ],
        [
          0.8630111397931735,
          -0.21146954515528074,
          0.4587945118085599,
          1.9332830605581142
        ],
        [
          0.040002056391686434,
          0.9339251717601609,
          0.35522332287299163,
          1.4269098368023894
        ],
        [
          0.0,
          0.0,
          0.0,
          1.0
        ]
      ]
    },
    {
      "file_path": "./images/0048.jpg",
      "sharpness": 470.11721656334,
      "transform_matrix": [
        [
          -0.3766450289705738,
          -0.312975361153852,
          0.8718858557960223,
          3.834406498033922
        ],
        [
          0.9262053251352469,
          -0.1442992672383862,
          0.3483122409082478,
          1.7007832462166355
        ],
        [
          0.016799340714312865,
          0.9387353966160701,
          0.3442290478262594,
          1.6216165811959526
        ],
        [
          0.0,
          0.0,
          0.0,
          1.0
        ]
      ]
    },
    {
      "file_path": "./images/0050.jpg",
      "sharpness": 807.0482909223783,
      "transform_matrix": [
        [
          -0.5548225434576554,
          -0.26261929813831547,
          0.7894321057515379,
          3.5092301924526645
        ],
        [
          0.8294215601193684,
          -0.24879238109511698,
          0.5001622004101506,
          2.187166977842688
        ],
        [
          0.06505244727582805,
          0.9322732729336961,
          0.3558577296514144,
          1.2515618503208952
        ],
        [
          0.0,
          0.0,
          0.0,
          1.0
        ]
      ]
    },
    {
      "file_path": "./images/0051.jpg",
      "sharpness": 866.7575321946571,
      "transform_matrix": [
        [
          -0.5393446264630082,
          -0.2629457095710657,
          0.7999793296069828,
          3.4060157672407634
        ],
        [
          0.8384465562578377,
          -0.25590337417488707,
          0.48116612036408885,
          2.308803890950465
        ],
        [
          0.07819684277589893,
          0.9302542754408529,
          0.3584860344276115,
          1.21334992367148
        ],
        [
          0.0,
          0.0,
          0.0,
          1.0
        ]
      ]
    }
  ]
}