{
  "camera_angle_x": 0.5296080804793927,
  "camera_angle_y": 1.027286947070821,
  "fl_x": 2360.124164790252,
  "fl_y": 638.1259438166751,
  "k1": -3.782654305934324,
  "k2": 4.045768577757609,
  "k3": 0,
  "k4": 0,
  "p1": 0.8161656210961268,
  "p2": 0.11328189400842704,
  "is_fisheye": false,
  "cx": 786.9225229105322,
  "cy": 186.32456751615047,
  "w": 1280.0,
  "h": 720.0,
  "aabb_scale": 16,
  "frames": [
    {
      "file_path": "./images/0045.jpg",
      "sharpness": 267.2022287235213,
      "transform_matrix": [
        [
          -0.030144847078554856,
          0.0009336445364584927,
          0.9995451047864629,
          3.9180162881247504
        ],
        [
          0.9991649155825177,
          0.027622547152087493,
          0.030107579740178154,
          0.10600907395623077
        ],
        [
          -0.027581872010271895,
          0.9996179886320579,
          -0.0017655423242745568,
          -0.03870268535977898
        ],
        [
          0.0,
          0.0,
          0.0,
          1.0
        ]
      ]
    },
    {
      "file_path": "./images/0048.jpg",
      "sharpness": 283.0259722211626,
      "transform_matrix": [
        [
          -0.027749500959713746,
          -0.00020080198759508844,
          0.999614888282052,
          3.9522928877337997
        ],
        [
          0.9992271315613029,
          0.027845855733478773,
          0.027744330416162442,
          0.11720411101440845
        ],
        [
          -0.027840703084831584,
          0.9996122088075571,
          -0.0005720618063238508,
          -0.024660819030496408
        ],
        [
          0.0,
          0.0,
          0.0,
          1.0
        ]
      ]
    },
    {
      "file_path": "./images/0044.jpg",
      "sharpness": 225.7417936192725,
      "transform_matrix": [
        [
          0.10533924953015475,
          0.003003676073316053,
          0.9944318078373002,
          3.9621737115434446
        ],
        [
          0.9944361089818685,
          0.0003695055268392523,
          -0.105340821235963,
          -0.42999140784950146
        ],
        [
          -0.0006838577533505636,
          0.9999954206874164,
          -0.0029480405120959406,
          -0.028625462672485627
        ],
        [
          0.0,
          0.0,
          0.0,
          1.0
        ]
      ]
    },
    {
      "file_path": "./images/0047.jpg",
      "sharpness": 285.7081184885238,
      "transform_matrix": [
        [
          -0.02779203230207121,
          -0.00019475814451235917,
          0.9996137078941427,
          3.951962151570319
        ],
        [
          0.9992281375509091,
          0.027767376277831317,
          0.02778672239014473,
          0.11716304350238818
        ],
        [
          -0.027762061650069607,
          0.9996143930956585,
          -0.000577104000443378,
          -0.024783141441926098
        ],
        [
          0.0,
          0.0,
          0.0,
          1.0
        ]
      ]
    },
    {
      "file_path": "./images/0042.jpg",
      "sharpness": 247.7559157921639,
      "transform_matrix": [
        [
          0.39307801650851437,
          0.00025305261785693253,
          0.9195050891116349,
          3.7930127314531648
        ],
        [
          0.9175596779191931,
          -0.06512356095546085,
          -0.39222845290124847,
          -1.6217928078413655
        ],
        [
          0.05978219128281333,
          0.9978771756949566,
          -0.02583083104688137,
          -0.09145092179876867
        ],
        [
          0.0,
          0.0,
          0.0,
          1.0
        ]
      ]
    },
    {
      "file_path": "./images/0043.jpg",
      "sharpness": 241.67202255990762,
      "transform_matrix": [
        [
          0.24084176701900478,
          0.0012350130479660873,
          0.970563608426581,
          3.9282740344774947
        ],
        [
          0.9701580132285182,
          -0.029241348066921392,
          -0.24070391133449365,
          -0.9857306141307093
        ],
        [
          0.028083315823894263,
          0.9995716173972186,
          -0.00824069574338126,
          -0.03682153746436367
        ],
        [
          0.0,
          0.0,
          0.0,
          1.0
        ]
      ]
    },
    {
      "file_path": "./images/0041.jpg",
      "sharpness": 260.43677517191105,
      "transform_matrix": [
        [
          0.522185715032489,
          -0.003953679961014843,
          0.8528226353884287,
          3.5875092316896864
        ],
        [
          0.8483302243882805,
          -0.10020133366096978,
          -0.5198995317577164,
          -2.1771610366818313
        ],
        [
          0.08750948180263499,
          0.9949593263784299,
          -0.04896967885647542,
          -0.1697203035331886
        ],
        [
          0.0,
          0.0,
          0.0,
          1.0
        ]
      ]
    },
    {
      "file_path": "./images/0049.jpg",
      "sharpness": 279.929879557281,
      "transform_matrix": [
        [
          -0.02776026061970776,
          -0.0001609542942173461,
          0.9996145967442311,
          3.952118010587088
        ],
        [
          0.9992294217485322,
          0.027753853380734588,
          0.027754032763092053,
          0.11716312493735764
        ],
        [
          -0.027747624086036593,
          0.9996147746588816,
          -0.0006096239367116872,
          -0.024890681028835654
        ],
        [
          0.0,
          0.0,
          0.0,
          1.0
        ]
      ]
    },
    {
      "file_path": "./images/0046.jpg",
      "sharpness": 267.4211262845593,
      "transform_matrix": [
        [
          -0.027806445422510956,
          -0.0002546777532699965,
          0.999613293595227,
          3.9478938744930034
        ],
        [
          0.9992317853967007,
          0.027619549005696443,
          0.027802869737559834,
          0.11520293385964325
        ],
        [
          -0.027615949121598215,
          0.9996184750453817,
          -0.0005135193759205458,
          -0.026199799422711303
        ],
        [
          0.0,
          0.0,
          0.0,
          1.0
        ]
      ]
    },
    {
      "file_path": "./images/0050.jpg",
      "sharpness": 280.92567599799895,
      "transform_matrix": [
        [
          -0.02774739090701462,
          -0.00019791544578703004,
          0.9996149474309698,
          3.951709170289983
        ],
        [
          0.9992301619745837,
          0.027739027073315114,
          0.02774220209848841,
          0.11709139242162721
        ],
        [
          -0.027733836699973563,
          0.999615179559911,
          -0.0005719225446325702,
          -0.02503787591032841
        ],
        [
          0.0,
          0.0,
          0.0,
          1.0
        ]
      ]
    },
    {
      "file_path": "./images/0051.jpg",
      "sharpness": 276.99492513019777,
      "transform_matrix": [
        [
          -0.027787110129471996,
          -0.00046259978721988656,
          0.9996137566641329,
          3.9516851780262905
        ],
        [
          0.999225809844679,
          0.027848528501819545,
          0.027789213744344614,
          0.11738339432139314
        ],
        [
          -0.02785062747763715,
          0.9996120474773256,
          -0.0003115884814051121,
          -0.02410373507536186
        ],
        [
          0.0,
          0.0,
          0.0,
          1.0
        ]
      ]
    }
  ]
}